Temperature	0.0uM_1	0.0uM_2	
31.83584	0.0	0.0
31.855528	0.0	0.0
31.875217	0.0	0.0
31.894905	0.0	0.0
31.914593	0.0	0.0
31.934282	0.0	0.0
31.95397	0.0	0.0
31.97366	0.0	0.0
31.993347	0.0	0.0
32.013035	0.0	0.0
32.032722	0.0	0.0
32.052414	0.0	0.0
32.0721	0.0	0.0
32.09179	0.0	0.0
32.111477	0.0	0.0
32.131165	0.0	0.0
32.150852	0.0	0.0
32.170544	0.0	0.0
32.19023	0.0	0.0
32.20992	0.0	0.0
32.229607	0.0	0.0
32.249294	0.0	0.0
32.268986	0.0	0.0
32.288673	0.0	0.0
32.30836	0.0	0.0
32.32805	0.0	0.0
32.347736	0.0	0.0
32.367428	0.0	0.0
32.387115	0.0	0.0
32.406803	0.0	0.0
32.42649	0.0	0.0
32.44618	0.0	0.0
32.465866	0.0	0.0
32.485558	0.0	0.0
32.505245	0.0	0.0
32.524933	0.0	0.0
32.54462	0.0	0.0
32.56431	0.0	0.0
32.584	0.0	0.0
32.603687	0.0	0.0
32.623375	0.0	0.0
32.643063	0.0	0.0
32.66275	0.0	0.0
32.68244	0.0	0.0
32.70213	0.0	0.0
32.721817	0.0	0.0
32.741505	0.0	0.0
32.761192	0.0	0.0
32.780884	0.0	0.0
32.80057	0.0	0.0
32.82026	0.0	0.0
32.839947	0.0	0.0
32.859634	0.0	0.0
32.879322	0.0	0.0
32.899014	0.0	0.0
32.9187	0.0	0.0
32.93839	0.0	0.0
32.958076	0.0	0.0
32.977764	0.0	0.0
32.997456	0.0	0.0
33.017143	0.0	0.0
33.03683	0.0	0.0
33.05652	0.0	3.13e-07
33.076206	0.0	1.1e-06
33.095898	0.0	2.35e-06
33.115585	0.0	4.07e-06
33.135273	5.2e-08	6.21e-06
33.15496	3.64e-07	8.87e-06
33.17465	1.04e-06	1.2e-05
33.194336	2.03e-06	1.56e-05
33.214027	3.38e-06	1.96e-05
33.233715	4.99e-06	2.42e-05
33.253403	6.92e-06	2.92e-05
33.27309	9.2e-06	3.46e-05
33.292778	1.18e-05	4.05e-05
33.31247	1.46e-05	4.7e-05
33.332157	1.78e-05	5.38e-05
33.351845	2.12e-05	6.12e-05
33.371532	2.5e-05	6.91e-05
33.39122	2.91e-05	7.74e-05
33.41091	3.34e-05	8.62e-05
33.4306	3.81e-05	9.55e-05
33.450287	4.31e-05	0.000105
33.469975	4.83e-05	0.000116
33.489662	5.39e-05	0.000126
33.50935	5.97e-05	0.000138
33.52904	6.59e-05	0.000149
33.54873	7.24e-05	0.000161
33.568417	7.92e-05	0.000174
33.588104	8.63e-05	0.000187
33.60779	9.37e-05	0.000201
33.627483	0.000101	0.000215
33.64717	0.000109	0.000229
33.66686	0.000118	0.000244
33.686546	0.000127	0.00026
33.706234	0.000136	0.000276
33.725925	0.000145	0.000292
33.745613	0.000155	0.000309
33.7653	0.000165	0.000326
33.78499	0.000175	0.000344
33.804676	0.000186	0.000362
33.824368	0.000197	0.000381
33.844055	0.000209	0.0004
33.863743	0.000221	0.000419
33.88343	0.000233	0.000439
33.90312	0.000246	0.00046
33.922806	0.000259	0.00048
33.942497	0.000272	0.000502
33.962185	0.000286	0.000523
33.981873	0.0003	0.000545
34.00156	0.000314	0.000568
34.021248	0.000329	0.000591
34.04094	0.000344	0.000614
34.060627	0.00036	0.000638
34.080315	0.000376	0.000662
34.100002	0.000392	0.000686
34.11969	0.000409	0.000711
34.13938	0.000426	0.000737
34.15907	0.000443	0.000762
34.178757	0.000461	0.000789
34.198444	0.000479	0.000815
34.218132	0.000498	0.000842
34.23782	0.000516	0.00087
34.25751	0.000536	0.000898
34.2772	0.000555	0.000926
34.296886	0.000575	0.000955
34.316574	0.000595	0.000984
34.33626	0.000616	0.001013
34.355953	0.000637	0.001043
34.37564	0.000658	0.001074
34.39533	0.00068	0.001104
34.415016	0.000702	0.001135
34.434704	0.000724	0.001167
34.454395	0.000747	0.001199
34.474083	0.00077	0.001231
34.49377	0.000794	0.001264
34.51346	0.000818	0.001298
34.533146	0.000842	0.001331
34.552834	0.000867	0.001365
34.572525	0.000892	0.0014
34.592213	0.000917	0.001435
34.6119	0.000943	0.00147
34.631588	0.000969	0.001506
34.651276	0.000995	0.001542
34.670967	0.001022	0.001578
34.690655	0.00105	0.001615
34.710342	0.001077	0.001653
34.73003	0.001106	0.001691
34.749718	0.001134	0.001729
34.76941	0.001163	0.001767
34.789097	0.001193	0.001806
34.808784	0.001222	0.001846
34.828472	0.001253	0.001886
34.84816	0.001283	0.001926
34.86785	0.001315	0.001967
34.88754	0.001346	0.002008
34.907227	0.001378	0.00205
34.926914	0.001411	0.002092
34.9466	0.001444	0.002134
34.96629	0.001477	0.002177
34.98598	0.001511	0.002221
35.00567	0.001545	0.002265
35.025356	0.00158	0.002309
35.045044	0.001615	0.002354
35.06473	0.001651	0.002399
35.084423	0.001687	0.002445
35.10411	0.001723	0.002491
35.1238	0.00176	0.002537
35.143486	0.001797	0.002584
35.163174	0.001835	0.002632
35.182865	0.001873	0.00268
35.202553	0.001912	0.002728
35.22224	0.00195	0.002777
35.24193	0.00199	0.002826
35.261616	0.002029	0.002875
35.281303	0.00207	0.002925
35.300995	0.00211	0.002976
35.320683	0.002151	0.003027
35.34037	0.002192	0.003078
35.360058	0.002234	0.003129
35.379745	0.002276	0.003181
35.399437	0.002319	0.003234
35.419125	0.002362	0.003287
35.438812	0.002405	0.00334
35.4585	0.002449	0.003394
35.478188	0.002493	0.003448
35.49788	0.002538	0.003502
35.517567	0.002583	0.003557
35.537254	0.002629	0.003612
35.556942	0.002675	0.003668
35.57663	0.002721	0.003724
35.596317	0.002769	0.00378
35.61601	0.002816	0.003837
35.635696	0.002864	0.003894
35.655384	0.002913	0.003952
35.67507	0.002962	0.00401
35.69476	0.003011	0.004068
35.71445	0.003061	0.004127
35.73414	0.003112	0.004186
35.753826	0.003163	0.004246
35.773514	0.003214	0.004306
35.7932	0.003267	0.004366
35.812893	0.003319	0.004427
35.83258	0.003373	0.004488
35.85227	0.003426	0.00455
35.871956	0.003481	0.004612
35.891644	0.003536	0.004675
35.911335	0.003591	0.004738
35.931023	0.003647	0.004802
35.95071	0.003704	0.004865
35.970398	0.003761	0.00493
35.990086	0.003819	0.004995
36.009773	0.003877	0.00506
36.029465	0.003936	0.005126
36.049152	0.003996	0.005192
36.06884	0.004056	0.005258
36.088528	0.004116	0.005325
36.108215	0.004177	0.005393
36.127907	0.004239	0.005461
36.147594	0.004301	0.005529
36.167282	0.004364	0.005598
36.18697	0.004427	0.005667
36.206657	0.004491	0.005737
36.22635	0.004555	0.005807
36.246037	0.00462	0.005878
36.265724	0.004686	0.005949
36.28541	0.004751	0.00602
36.3051	0.004818	0.006092
36.324787	0.004885	0.006165
36.34448	0.004952	0.006238
36.364166	0.00502	0.006311
36.383854	0.005088	0.006385
36.40354	0.005157	0.006459
36.42323	0.005227	0.006534
36.44292	0.005296	0.006609
36.46261	0.005367	0.006684
36.482296	0.005438	0.00676
36.501984	0.005509	0.006837
36.52167	0.005581	0.006914
36.541363	0.005653	0.006991
36.56105	0.005726	0.007069
36.580738	0.005799	0.007148
36.600426	0.005872	0.007226
36.620113	0.005946	0.007306
36.6398	0.006021	0.007386
36.659492	0.006096	0.007466
36.67918	0.006171	0.007547
36.698868	0.006247	0.007628
36.718555	0.006323	0.00771
36.738243	0.006399	0.007792
36.757935	0.006476	0.007875
36.777622	0.006553	0.007958
36.79731	0.006631	0.008042
36.816998	0.006709	0.008126
36.836685	0.006788	0.008211
36.856377	0.006867	0.008296
36.876064	0.006946	0.008382
36.895752	0.007025	0.008468
36.91544	0.007106	0.008554
36.935127	0.007186	0.008642
36.95482	0.007267	0.00873
36.974506	0.007348	0.008818
36.994194	0.00743	0.008907
37.01388	0.007512	0.008996
37.03357	0.007594	0.009086
37.053257	0.007677	0.009176
37.07295	0.007761	0.009267
37.092636	0.007845	0.009358
37.112324	0.007929	0.00945
37.13201	0.008014	0.009543
37.1517	0.008099	0.009636
37.17139	0.008184	0.009729
37.19108	0.008271	0.009823
37.210766	0.008357	0.009918
37.230453	0.008444	0.010013
37.25014	0.008532	0.010108
37.269833	0.00862	0.010204
37.28952	0.008708	0.010301
37.309208	0.008797	0.010398
37.328896	0.008886	0.010496
37.348583	0.008976	0.010594
37.36827	0.009066	0.010693
37.387962	0.009157	0.010793
37.40765	0.009249	0.010893
37.427338	0.00934	0.010993
37.447025	0.009432	0.011094
37.466713	0.009525	0.011196
37.486404	0.009618	0.011298
37.506092	0.009712	0.011401
37.52578	0.009806	0.011504
37.545467	0.009901	0.011608
37.565155	0.009996	0.011712
37.584846	0.010091	0.011817
37.604534	0.010187	0.011923
37.62422	0.010284	0.012029
37.64391	0.010381	0.012136
37.663597	0.010478	0.012243
37.683285	0.010577	0.012351
37.702976	0.010675	0.012459
37.722664	0.010774	0.012568
37.74235	0.010874	0.012677
37.76204	0.010974	0.012787
37.781727	0.011075	0.012898
37.80142	0.011176	0.013009
37.821106	0.011278	0.01312
37.840794	0.011381	0.013233
37.86048	0.011484	0.013345
37.88017	0.011587	0.013458
37.89986	0.011692	0.013572
37.919548	0.011796	0.013687
37.939236	0.011902	0.013801
37.958923	0.012007	0.013917
37.97861	0.012114	0.014033
37.998302	0.012221	0.014149
38.01799	0.012328	0.014266
38.037678	0.012436	0.014384
38.057365	0.012545	0.014502
38.077053	0.012654	0.014621
38.09674	0.012764	0.01474
38.116432	0.012874	0.01486
38.13612	0.012985	0.01498
38.155807	0.013097	0.015101
38.175495	0.013209	0.015222
38.195183	0.013321	0.015344
38.214874	0.013434	0.015467
38.234562	0.013548	0.01559
38.25425	0.013662	0.015713
38.273937	0.013776	0.015837
38.293625	0.013892	0.015962
38.313316	0.014008	0.016087
38.333004	0.014124	0.016213
38.35269	0.014241	0.016339
38.37238	0.014358	0.016466
38.392067	0.014476	0.016593
38.411755	0.014594	0.01672
38.431446	0.014713	0.016849
38.451134	0.014833	0.016977
38.47082	0.014953	0.017106
38.49051	0.015074	0.017236
38.510197	0.015195	0.017366
38.52989	0.015317	0.017496
38.549576	0.015439	0.017627
38.569263	0.015562	0.017758
38.58895	0.015685	0.01789
38.60864	0.015809	0.018022
38.62833	0.015933	0.018154
38.648018	0.016058	0.018287
38.667706	0.016184	0.01842
38.687393	0.01631	0.018554
38.70708	0.016437	0.018688
38.72677	0.016564	0.018823
38.74646	0.016692	0.018957
38.766148	0.016821	0.019093
38.785835	0.01695	0.019228
38.805523	0.01708	0.019364
38.82521	0.01721	0.019501
38.844902	0.017341	0.019637
38.86459	0.017473	0.019775
38.884277	0.017605	0.019912
38.903965	0.017738	0.02005
38.923653	0.017871	0.020188
38.943344	0.018006	0.020327
38.96303	0.018141	0.020466
38.98272	0.018276	0.020606
39.002407	0.018413	0.020746
39.022095	0.01855	0.020887
39.041786	0.018687	0.021027
39.061474	0.018826	0.021169
39.08116	0.018965	0.02131
39.10085	0.019104	0.021453
39.120537	0.019245	0.021595
39.140224	0.019386	0.021738
39.159916	0.019528	0.021882
39.179604	0.01967	0.022026
39.19929	0.019814	0.02217
39.21898	0.019958	0.022315
39.238667	0.020102	0.022461
39.258358	0.020248	0.022607
39.278046	0.020394	0.022753
39.297733	0.02054	0.0229
39.31742	0.020688	0.023047
39.33711	0.020836	0.023195
39.3568	0.020985	0.023344
39.376488	0.021134	0.023493
39.396175	0.021284	0.023642
39.415863	0.021435	0.023792
39.43555	0.021587	0.023943
39.45524	0.021739	0.024094
39.47493	0.021891	0.024246
39.494617	0.022045	0.024398
39.514305	0.022198	0.024551
39.533993	0.022353	0.024704
39.55368	0.022508	0.024858
39.57337	0.022664	0.025013
39.59306	0.02282	0.025168
39.612747	0.022977	0.025323
39.632435	0.023134	0.02548
39.652122	0.023292	0.025636
39.671814	0.023451	0.025794
39.6915	0.02361	0.025952
39.71119	0.023769	0.02611
39.730877	0.02393	0.02627
39.750565	0.02409	0.026429
39.770252	0.024252	0.02659
39.789944	0.024414	0.026751
39.80963	0.024576	0.026912
39.82932	0.024739	0.027075
39.849007	0.024903	0.027237
39.868694	0.025066	0.027401
39.888386	0.025231	0.027565
39.908073	0.025396	0.02773
39.92776	0.025562	0.027895
39.94745	0.025728	0.028061
39.967136	0.025895	0.028228
39.986828	0.026062	0.028395
40.006516	0.02623	0.028563
40.026203	0.026398	0.028732
40.04589	0.026567	0.028901
40.06558	0.026736	0.029071
40.08527	0.026906	0.029241
40.104958	0.027077	0.029413
40.124645	0.027248	0.029585
40.144333	0.027419	0.029757
40.16402	0.027591	0.029931
40.18371	0.027764	0.030105
40.2034	0.027937	0.030279
40.223087	0.028111	0.030455
40.242775	0.028286	0.030631
40.262463	0.028461	0.030807
40.28215	0.028636	0.030985
40.30184	0.028812	0.031163
40.32153	0.028989	0.031342
40.341217	0.029167	0.031522
40.360905	0.029344	0.031702
40.380592	0.029523	0.031883
40.400284	0.029702	0.032065
40.41997	0.029882	0.032247
40.43966	0.030062	0.03243
40.459347	0.030244	0.032614
40.479034	0.030425	0.032799
40.498722	0.030608	0.032985
40.518414	0.030791	0.033171
40.5381	0.030974	0.033358
40.55779	0.031159	0.033546
40.577477	0.031344	0.033734
40.597164	0.03153	0.033924
40.616856	0.031716	0.034114
40.636543	0.031904	0.034305
40.65623	0.032092	0.034496
40.67592	0.03228	0.034689
40.695606	0.03247	0.034882
40.715298	0.03266	0.035077
40.734985	0.03285	0.035272
40.754673	0.033042	0.035467
40.77436	0.033234	0.035664
40.79405	0.033427	0.035861
40.813736	0.033621	0.03606
40.833427	0.033815	0.036259
40.853115	0.03401	0.036459
40.872803	0.034205	0.036659
40.89249	0.034402	0.036861
40.912178	0.034599	0.037063
40.93187	0.034797	0.037266
40.951557	0.034995	0.037471
40.971245	0.035194	0.037676
40.990932	0.035394	0.037881
41.01062	0.035595	0.038088
41.03031	0.035796	0.038295
41.05	0.035999	0.038504
41.069687	0.036201	0.038713
41.089375	0.036405	0.038923
41.109062	0.036609	0.039134
41.128754	0.036814	0.039346
41.14844	0.037019	0.039559
41.16813	0.037226	0.039772
41.187817	0.037433	0.039987
41.207504	0.037641	0.040202
41.227192	0.037849	0.040419
41.246883	0.038059	0.040636
41.26657	0.038268	0.040854
41.28626	0.038479	0.041073
41.305946	0.03869	0.041293
41.325634	0.038902	0.041514
41.345325	0.039115	0.041736
41.365013	0.039329	0.041958
41.3847	0.039543	0.042182
41.40439	0.039758	0.042406
41.424076	0.039973	0.042632
41.443768	0.040189	0.042858
41.463455	0.040406	0.043085
41.483143	0.040624	0.043313
41.50283	0.040842	0.043542
41.52252	0.041061	0.043772
41.542206	0.041281	0.044003
41.561897	0.041501	0.044234
41.581585	0.041722	0.044467
41.601273	0.041944	0.0447
41.62096	0.042167	0.044934
41.640648	0.04239	0.045169
41.66034	0.042614	0.045405
41.680027	0.042839	0.045641
41.699715	0.043064	0.045879
41.719402	0.04329	0.046117
41.73909	0.043517	0.046356
41.75878	0.043745	0.046596
41.77847	0.043974	0.046837
41.798157	0.044203	0.047078
41.817844	0.044433	0.047321
41.837532	0.044664	0.047564
41.857224	0.044896	0.047808
41.87691	0.045128	0.048052
41.8966	0.045361	0.048298
41.916286	0.045595	0.048544
41.935974	0.04583	0.048792
41.95566	0.046066	0.049039
41.975353	0.046302	0.049288
41.99504	0.04654	0.049537
42.01473	0.046778	0.049788
42.034416	0.047017	0.050039
42.054104	0.047256	0.05029
42.073795	0.047497	0.050543
42.093483	0.047738	0.050796
42.11317	0.047981	0.05105
42.13286	0.048224	0.051305
42.152546	0.048468	0.051561
42.172237	0.048713	0.051818
42.191925	0.048958	0.052075
42.211613	0.049205	0.052333
42.2313	0.049453	0.052592
42.250988	0.049701	0.052851
42.270676	0.04995	0.053111
42.290367	0.050201	0.053372
42.310055	0.050452	0.053634
42.329742	0.050704	0.053897
42.34943	0.050956	0.05416
42.369118	0.05121	0.054424
42.38881	0.051465	0.054689
42.408497	0.05172	0.054955
42.428185	0.051976	0.055222
42.447872	0.052234	0.055489
42.46756	0.052492	0.055757
42.48725	0.052751	0.056026
42.50694	0.053011	0.056296
42.526627	0.053271	0.056566
42.546314	0.053533	0.056837
42.566	0.053795	0.057109
42.58569	0.054059	0.057382
42.60538	0.054323	0.057655
42.62507	0.054588	0.05793
42.644756	0.054854	0.058205
42.664444	0.055121	0.058481
42.68413	0.055389	0.058758
42.703823	0.055657	0.059035
42.72351	0.055927	0.059313
42.7432	0.056197	0.059592
42.762886	0.056468	0.059872
42.782574	0.056739	0.060153
42.802265	0.057012	0.060435
42.821953	0.057285	0.060717
42.84164	0.05756	0.061
42.86133	0.057834	0.061284
42.881016	0.05811	0.061569
42.900707	0.058387	0.061854
42.920395	0.058664	0.06214
42.940083	0.058942	0.062428
42.95977	0.059221	0.062715
42.979458	0.059501	0.063004
42.999146	0.059781	0.063294
43.018837	0.060062	0.063584
43.038525	0.060344	0.063875
43.058212	0.060627	0.064167
43.0779	0.060911	0.06446
43.097588	0.061195	0.064754
43.11728	0.06148	0.065048
43.136967	0.061766	0.065344
43.156654	0.062052	0.06564
43.176342	0.06234	0.065937
43.19603	0.062628	0.066235
43.21572	0.062917	0.066534
43.23541	0.063207	0.066834
43.255096	0.063497	0.067134
43.274784	0.063789	0.067435
43.29447	0.064081	0.067738
43.31416	0.064374	0.068041
43.33385	0.064668	0.068345
43.35354	0.064963	0.06865
43.373226	0.065259	0.068955
43.392914	0.065556	0.069262
43.4126	0.065853	0.06957
43.432293	0.066151	0.069878
43.45198	0.066451	0.070188
43.47167	0.066751	0.070498
43.491356	0.067052	0.070809
43.511044	0.067354	0.071121
43.530735	0.067657	0.071434
43.550423	0.06796	0.071748
43.57011	0.068265	0.072063
43.589798	0.068571	0.072379
43.609486	0.068877	0.072696
43.629173	0.069185	0.073014
43.648865	0.069493	0.073332
43.668552	0.069802	0.073652
43.68824	0.070112	0.073973
43.707928	0.070423	0.074294
43.727615	0.070735	0.074617
43.747307	0.071048	0.07494
43.766994	0.071362	0.075265
43.786682	0.071677	0.07559
43.80637	0.071993	0.075916
43.826057	0.07231	0.076244
43.84575	0.072628	0.076572
43.865437	0.072947	0.076901
43.885124	0.073267	0.077231
43.90481	0.073587	0.077562
43.9245	0.073909	0.077894
43.94419	0.074232	0.078226
43.96388	0.074556	0.07856
43.983566	0.074881	0.078895
44.003254	0.075207	0.07923
44.02294	0.075534	0.079567
44.04263	0.075863	0.079904
44.06232	0.076192	0.080242
44.08201	0.076522	0.080581
44.101696	0.076853	0.080922
44.121384	0.077186	0.081262
44.14107	0.077519	0.081604
44.160763	0.077854	0.081947
44.18045	0.07819	0.082291
44.200138	0.078526	0.082635
44.219826	0.078864	0.08298
44.239513	0.079203	0.083327
44.259205	0.079543	0.083674
44.278893	0.079884	0.084022
44.29858	0.080226	0.084371
44.318268	0.080569	0.08472
44.337955	0.080913	0.085071
44.357643	0.081258	0.085423
44.377335	0.081604	0.085775
44.397022	0.081952	0.086128
44.41671	0.0823	0.086482
44.436398	0.082649	0.086837
44.456085	0.083	0.087193
44.475777	0.083351	0.08755
44.495464	0.083703	0.087908
44.515152	0.084057	0.088266
44.53484	0.084411	0.088626
44.554527	0.084767	0.088986
44.57422	0.085123	0.089347
44.593906	0.08548	0.089709
44.613594	0.085839	0.090073
44.63328	0.086198	0.090436
44.65297	0.086559	0.090801
44.672657	0.08692	0.091167
44.69235	0.087283	0.091534
44.712036	0.087646	0.091901
44.731724	0.08801	0.092269
44.75141	0.088376	0.092639
44.7711	0.088742	0.093009
44.79079	0.08911	0.09338
44.81048	0.089478	0.093752
44.830166	0.089848	0.094125
44.849854	0.090218	0.094499
44.86954	0.09059	0.094874
44.889233	0.090962	0.09525
44.90892	0.091335	0.095627
44.928608	0.09171	0.096005
44.948296	0.092085	0.096384
44.967983	0.092462	0.096763
44.987675	0.092839	0.097144
45.007362	0.093218	0.097526
45.02705	0.093598	0.097909
45.046738	0.093978	0.098293
45.066425	0.09436	0.098678
45.086113	0.094743	0.099065
45.105804	0.095126	0.099452
45.125492	0.095511	0.09984
45.14518	0.095897	0.10023
45.164867	0.096284	0.10062
45.184555	0.096672	0.101012
45.204247	0.097062	0.101405
45.223934	0.097452	0.101798
45.24362	0.097843	0.102193
45.26331	0.098236	0.102589
45.282997	0.098629	0.102986
45.30269	0.099024	0.103385
45.322376	0.099419	0.103784
45.342064	0.099816	0.104184
45.36175	0.100214	0.104586
45.38144	0.100613	0.104988
45.401127	0.101013	0.105392
45.42082	0.101415	0.105797
45.440506	0.101817	0.106202
45.460194	0.10222	0.106609
45.47988	0.102625	0.107017
45.49957	0.103031	0.107426
45.51926	0.103438	0.107836
45.538948	0.103846	0.108247
45.558636	0.104255	0.108659
45.578323	0.104665	0.109072
45.59801	0.105077	0.109486
45.617702	0.105489	0.109901
45.63739	0.105903	0.110317
45.657078	0.106318	0.110734
45.676765	0.106734	0.111152
45.696453	0.107152	0.11157
45.71614	0.10757	0.11199
45.735832	0.10799	0.112411
45.75552	0.108411	0.112833
45.775208	0.108833	0.113255
45.794895	0.109256	0.113679
45.814583	0.10968	0.114103
45.834274	0.110106	0.114529
45.853962	0.110533	0.114955
45.87365	0.11096	0.115382
45.893337	0.111389	0.11581
45.913025	0.11182	0.116239
45.932716	0.112251	0.116669
45.952404	0.112684	0.1171
45.97209	0.113117	0.117531
45.99178	0.113552	0.117963
46.011467	0.113988	0.118397
46.03116	0.114426	0.118831
46.050846	0.114864	0.119266
46.070534	0.115303	0.119701
46.09022	0.115744	0.120138
46.10991	0.116186	0.120575
46.129597	0.116629	0.121014
46.14929	0.117073	0.121452
46.168976	0.117518	0.121892
46.188663	0.117964	0.122333
46.20835	0.118411	0.122774
46.22804	0.11886	0.123216
46.24773	0.11931	0.123659
46.267418	0.11976	0.124103
46.287106	0.120212	0.124547
46.306793	0.120665	0.124992
46.32648	0.12112	0.125438
46.346172	0.121575	0.125885
46.36586	0.122031	0.126332
46.385548	0.122489	0.126781
46.405235	0.122948	0.12723
46.424923	0.123407	0.12768
46.44461	0.123868	0.12813
46.464302	0.12433	0.128582
46.48399	0.124794	0.129034
46.503677	0.125258	0.129487
46.523365	0.125724	0.129941
46.543053	0.12619	0.130396
46.562744	0.126658	0.130851
46.58243	0.127127	0.131308
46.60212	0.127597	0.131765
46.621807	0.128068	0.132223
46.641495	0.12854	0.132682
46.661186	0.129013	0.133142
46.680874	0.129487	0.133602
46.70056	0.129962	0.134064
46.72025	0.130438	0.134526
46.739937	0.130915	0.134989
46.759624	0.131393	0.135453
46.779316	0.131872	0.135918
46.799004	0.132352	0.136383
46.81869	0.132833	0.13685
46.83838	0.133315	0.137317
46.858067	0.133797	0.137785
46.877758	0.134281	0.138254
46.897446	0.134765	0.138724
46.917133	0.13525	0.139195
46.93682	0.135737	0.139666
46.95651	0.136224	0.140139
46.9762	0.136712	0.140612
46.995888	0.1372	0.141087
47.015575	0.13769	0.141562
47.035263	0.13818	0.142038
47.05495	0.138672	0.142515
47.074642	0.139164	0.142992
47.09433	0.139657	0.143471
47.114017	0.140151	0.143951
47.133705	0.140646	0.144431
47.153393	0.141142	0.144912
47.17308	0.141638	0.145395
47.192772	0.142136	0.145878
47.21246	0.142635	0.146362
47.232147	0.143134	0.146847
47.251835	0.143635	0.147332
47.271523	0.144136	0.147819
47.291214	0.144638	0.148307
47.3109	0.145141	0.148795
47.33059	0.145646	0.149284
47.350277	0.146151	0.149774
47.369965	0.146657	0.150266
47.389656	0.147164	0.150757
47.409344	0.147673	0.15125
47.42903	0.148182	0.151744
47.44872	0.148692	0.152239
47.468407	0.149204	0.152734
47.488094	0.149716	0.153231
47.507786	0.15023	0.153728
47.527473	0.150744	0.154226
47.54716	0.15126	0.154726
47.56685	0.151777	0.155226
47.586536	0.152295	0.155727
47.606228	0.152813	0.156229
47.625916	0.153333	0.156732
47.645603	0.153854	0.157236
47.66529	0.154376	0.15774
47.68498	0.154899	0.158246
47.70467	0.155423	0.158753
47.724358	0.155949	0.15926
47.744045	0.156475	0.159769
47.763733	0.157002	0.160278
47.78342	0.157531	0.160789
47.80311	0.15806	0.1613
47.8228	0.158591	0.161812
47.842487	0.159123	0.162326
47.862175	0.159655	0.16284
47.881863	0.160189	0.163356
47.90155	0.160724	0.163872
47.92124	0.16126	0.16439
47.94093	0.161797	0.164908
47.960617	0.162335	0.165428
47.980305	0.162875	0.165948
47.999992	0.163415	0.16647
48.019684	0.163956	0.166993
48.03937	0.164499	0.167517
48.05906	0.165042	0.168042
48.078747	0.165587	0.168568
48.098434	0.166133	0.169095
48.118126	0.16668	0.169624
48.137814	0.167228	0.170154
48.1575	0.167777	0.170684
48.17719	0.168328	0.171216
48.196877	0.168879	0.17175
48.216564	0.169432	0.172284
48.236256	0.169985	0.17282
48.255943	0.17054	0.173357
48.27563	0.171096	0.173895
48.29532	0.171653	0.174434
48.315006	0.172211	0.174975
48.334698	0.172771	0.175517
48.354385	0.173332	0.17606
48.374073	0.173893	0.176605
48.39376	0.174456	0.177151
48.41345	0.17502	0.177698
48.43314	0.175585	0.178247
48.452827	0.176152	0.178797
48.472515	0.176719	0.179348
48.492203	0.177288	0.179901
48.51189	0.177858	0.180456
48.531578	0.178429	0.181011
48.55127	0.179001	0.181568
48.570957	0.179574	0.182127
48.590645	0.180148	0.182687
48.610332	0.180724	0.183248
48.63002	0.181301	0.183811
48.64971	0.181879	0.184376
48.6694	0.182458	0.184941
48.689087	0.183038	0.185508
48.708775	0.18362	0.186077
48.728462	0.184202	0.186647
48.748154	0.184786	0.187218
48.76784	0.185371	0.187791
48.78753	0.185958	0.188365
48.807217	0.186545	0.188941
48.826904	0.187134	0.189518
48.846592	0.187724	0.190097
48.866283	0.188315	0.190677
48.88597	0.188908	0.191258
48.90566	0.189501	0.191841
48.925346	0.190096	0.192425
48.945034	0.190693	0.193011
48.964725	0.19129	0.193598
48.984413	0.191889	0.194187
49.0041	0.192489	0.194777
49.02379	0.193091	0.195369
49.043476	0.193693	0.195962
49.063168	0.194298	0.196557
49.082855	0.194903	0.197153
49.102543	0.19551	0.19775
49.12223	0.196118	0.198349
49.14192	0.196727	0.19895
49.16161	0.197338	0.199552
49.181297	0.19795	0.200156
49.200985	0.198564	0.200761
49.220673	0.199179	0.201367
49.24036	0.199795	0.201975
49.260048	0.200413	0.202585
49.27974	0.201032	0.203196
49.299427	0.201652	0.203808
49.319115	0.202274	0.204423
49.338802	0.202898	0.205038
49.35849	0.203522	0.205655
49.37818	0.204148	0.206274
49.39787	0.204776	0.206894
49.417557	0.205405	0.207516
49.437244	0.206035	0.208139
49.456932	0.206667	0.208764
49.476624	0.2073	0.20939
49.49631	0.207934	0.210017
49.516	0.20857	0.210647
49.535686	0.209208	0.211277
49.555374	0.209847	0.21191
49.57506	0.210487	0.212543
49.594753	0.211129	0.213178
49.61444	0.211772	0.213815
49.63413	0.212417	0.214453
49.653816	0.213063	0.215093
49.673504	0.21371	0.215734
49.693195	0.214359	0.216377
49.712883	0.21501	0.217021
49.73257	0.215662	0.217666
49.75226	0.216315	0.218313
49.771946	0.21697	0.218962
49.791637	0.21762600000000001	0.219612
49.811325	0.218283	0.220263
49.831013	0.218942	0.220916
49.8507	0.219602	0.221571
49.870388	0.220264	0.222227
49.890076	0.220927	0.222884
49.909767	0.221591	0.223543
49.929455	0.222256	0.224204
49.949142	0.222923	0.224865
49.96883	0.223592	0.225529
49.988518	0.224261	0.226193
50.00821	0.224932	0.226859
50.027897	0.225604	0.227527
50.047585	0.226278	0.228196
50.067272	0.226953	0.228866
50.08696	0.227629	0.229538
50.10665	0.228306	0.230212
50.12634	0.228984	0.230886
50.146027	0.229664	0.231563
50.165714	0.230345	0.23224
50.185402	0.231027	0.23292
50.205093	0.23171	0.2336
50.22478	0.232395	0.234282
50.24447	0.233081	0.234966
50.264156	0.233768	0.235651
50.283844	0.234456	0.236337
50.30353	0.235145	0.237025
50.323223	0.235835	0.237714
50.34291	0.236527	0.238405
50.3626	0.23722	0.239098
50.382286	0.237914	0.239792
50.401974	0.23861	0.240487
50.421665	0.239306	0.241184
50.441353	0.240004	0.241882
50.46104	0.240703	0.242582
50.48073	0.241404	0.243284
50.500416	0.242106	0.243986
50.520107	0.242809	0.244691
50.539795	0.243513	0.245397
50.559483	0.244218	0.246104
50.57917	0.244925	0.246813
50.598858	0.245634	0.247523
50.618546	0.246343	0.248235
50.638237	0.247054	0.248948
50.657925	0.247766	0.249663
50.677612	0.24848	0.250379
50.6973	0.249195	0.251097
50.716988	0.249911	0.251816
50.73668	0.250628	0.252537
50.756367	0.251347	0.253259
50.776054	0.252067	0.253983
50.795742	0.252789	0.254708
50.81543	0.253512	0.255435
50.83512	0.254236	0.256164
50.85481	0.254962	0.256893
50.874496	0.255689	0.257624
50.894184	0.256417	0.258357
50.91387	0.257147	0.259091
50.93356	0.257878	0.259827
50.95325	0.25861	0.260564
50.97294	0.259344	0.261303
50.992626	0.260079	0.262043
51.012314	0.260815	0.262785
51.032	0.261552	0.263528
51.051693	0.262292	0.264273
51.07138	0.263032	0.265019
51.09107	0.263773	0.265766
51.110756	0.264516	0.266515
51.130444	0.265261	0.267265
51.150135	0.266006	0.268017
51.169823	0.266753	0.26877
51.18951	0.267501	0.269525
51.209198	0.268251	0.270281
51.228886	0.269002	0.271038
51.248577	0.269754	0.271797
51.268265	0.270507	0.272557
51.287952	0.271262	0.273319
51.30764	0.272018	0.274082
51.327328	0.272775	0.274846
51.347015	0.273534	0.275612
51.366707	0.274294	0.276379
51.386395	0.275056	0.277147
51.406082	0.275818	0.277917
51.42577	0.276582	0.278688
51.445457	0.277348	0.279461
51.46515	0.278115	0.280235
51.484837	0.278883	0.28101
51.504524	0.279652	0.281786
51.52421	0.280423	0.282564
51.5439	0.281195	0.283343
51.56359	0.281968	0.284124
51.58328	0.282743	0.284906
51.602966	0.283519	0.285689
51.622654	0.284297	0.286473
51.64234	0.285075	0.287259
51.66203	0.285856	0.288046
51.68172	0.286637	0.288835
51.70141	0.28742	0.289624
51.721096	0.288204	0.290415
51.740784	0.28899	0.291207
51.76047	0.289777	0.292001
51.780163	0.290565	0.292795
51.79985	0.291354	0.293592
51.81954	0.292145	0.294389
51.839226	0.292938	0.295188
51.858913	0.293731	0.295988
51.878605	0.294526	0.296789
51.898293	0.295323	0.297591
51.91798	0.29612	0.298395
51.937668	0.296919	0.299201
51.957355	0.29772	0.300007
51.977043	0.298521	0.300815
51.996735	0.299325	0.301624
52.016422	0.300129	0.302435
52.03611	0.300935	0.303247
52.055798	0.301742	0.30406
52.075485	0.302551	0.304874
52.095177	0.303361	0.30569
52.114864	0.304172	0.306507
52.134552	0.304985	0.307326
52.15424	0.305799	0.308146
52.173927	0.306615	0.308967
52.19362	0.307431	0.309789
52.213306	0.30825	0.310613
52.232994	0.309069	0.311438
52.25268	0.30989	0.312264
52.27237	0.310712	0.313091
52.29206	0.311536	0.31392
52.31175	0.312361	0.314751
52.331436	0.313187	0.315582
52.351124	0.314015	0.316415
52.37081	0.314844	0.317249
52.3905	0.315674	0.318084
52.41019	0.316505	0.31892
52.42988	0.317338	0.319758
52.449566	0.318172	0.320597
52.469254	0.319008	0.321438
52.48894	0.319844	0.32228
52.508633	0.320682	0.323123
52.52832	0.321521	0.323967
52.548008	0.322362	0.324812
52.567696	0.323203	0.325659
52.587383	0.324046	0.326507
52.607075	0.32489	0.327357
52.626762	0.325736	0.328207
52.64645	0.326582	0.329059
52.666138	0.32743	0.329912
52.685825	0.328279	0.330766
52.705513	0.329129	0.331622
52.725204	0.32998	0.332479
52.744892	0.330832	0.333337
52.76458	0.331686	0.334196
52.784267	0.332541	0.335056
52.803955	0.333396	0.335918
52.823647	0.334254	0.336781
52.843334	0.335112	0.337645
52.86302	0.335971	0.33851
52.88271	0.336832	0.339376
52.902397	0.337693	0.340244
52.92209	0.338556	0.341112
52.941776	0.33942	0.341982
52.961464	0.340285	0.342853
52.98115	0.341151	0.343725
53.00084	0.342018	0.344599
53.020527	0.342887	0.345473
53.04022	0.343757	0.346349
53.059906	0.344628	0.347225
53.079594	0.345499	0.348103
53.09928	0.346373	0.348982
53.11897	0.347247	0.349862
53.13866	0.348122	0.350743
53.158348	0.348999	0.351626
53.178036	0.349877	0.352509
53.197723	0.350756	0.353393
53.21741	0.351636	0.354279
53.237103	0.352517	0.355166
53.25679	0.353399	0.356054
53.276478	0.354282	0.356943
53.296165	0.355167	0.357833
53.315853	0.356052	0.358724
53.335545	0.356939	0.359616
53.355232	0.357827	0.360509
53.37492	0.358716	0.361404
53.394608	0.359606	0.362299
53.414295	0.360497	0.363196
53.433983	0.361389	0.364094
53.453674	0.362283	0.364992
53.473362	0.363177	0.365892
53.49305	0.364072	0.366793
53.512737	0.364969	0.367695
53.532425	0.365866	0.368598
53.552116	0.366765	0.369502
53.571804	0.367665	0.370408
53.59149	0.368565	0.371314
53.61118	0.369467	0.372222
53.630867	0.37037	0.37313
53.65056	0.371274	0.37404
53.670246	0.372179	0.374951
53.689934	0.373085	0.375863
53.70962	0.373992	0.376776
53.72931	0.3749	0.37769
53.748997	0.375809	0.378606
53.76869	0.376719	0.379522
53.788376	0.37763	0.38044
53.808064	0.378542	0.381359
53.82775	0.379455	0.382279
53.84744	0.380369	0.3832
53.86713	0.381284	0.384123
53.886818	0.382201	0.385046
53.906506	0.383118	0.385971
53.926193	0.384036	0.386897
53.94588	0.384956	0.387824
53.965572	0.385876	0.388752
53.98526	0.386797	0.389681
54.004948	0.387719	0.390611
54.024635	0.388643	0.391543
54.044323	0.389567	0.392475
54.06401	0.390492	0.393409
54.083702	0.391419	0.394344
54.10339	0.392346	0.395279
54.123077	0.393274	0.396216
54.142765	0.394203	0.397154
54.162453	0.395133	0.398092
54.182144	0.396065	0.399032
54.20183	0.396996	0.399973
54.22152	0.397929	0.400915
54.241207	0.398863	0.401858
54.260895	0.399798	0.402801
54.280586	0.400734	0.403746
54.300274	0.40167	0.404692
54.31996	0.402608	0.405639
54.33965	0.403546	0.406587
54.359337	0.404485	0.407536
54.37903	0.405425	0.408485
54.398716	0.406366	0.409436
54.418404	0.407308	0.410388
54.43809	0.408251	0.41134
54.45778	0.409194	0.412294
54.477467	0.410138	0.413249
54.497158	0.411083	0.414204
54.516846	0.412029	0.415161
54.536533	0.412976	0.416119
54.55622	0.413924	0.417077
54.57591	0.414872	0.418037
54.5956	0.415822	0.418997
54.615288	0.416772	0.419958
54.634975	0.417723	0.420921
54.654663	0.418674	0.421884
54.67435	0.419627	0.422848
54.694042	0.42058	0.423813
54.71373	0.421534	0.424779
54.733418	0.422489	0.425746
54.753105	0.423445	0.426714
54.772793	0.424401	0.427683
54.79248	0.425358	0.428652
54.812172	0.426317	0.429623
54.83186	0.427275	0.430594
54.851547	0.428235	0.431566
54.871235	0.429195	0.43254
54.890923	0.430156	0.433514
54.910614	0.431118	0.434489
54.9303	0.43208	0.435465
54.94999	0.433043	0.436442
54.969677	0.434007	0.43742
54.989365	0.434972	0.438398
55.009056	0.435938	0.439378
55.028744	0.436904	0.440358
55.04843	0.43787	0.441339
55.06812	0.438838	0.442322
55.087807	0.439806	0.443305
55.107494	0.440775	0.444288
55.127186	0.441745	0.445273
55.146873	0.442715	0.446259
55.16656	0.443686	0.447245
55.18625	0.444657	0.448233
55.205936	0.445629	0.449221
55.225628	0.446602	0.45021
55.245316	0.447576	0.4512
55.265003	0.44855	0.45219
55.28469	0.449525	0.453182
55.30438	0.450501	0.454174
55.32407	0.451477	0.455167
55.343758	0.452454	0.456161
55.363445	0.453431	0.457156
55.383133	0.454409	0.458152
55.40282	0.455388	0.459148
55.422512	0.456367	0.460145
55.4422	0.457347	0.461143
55.461887	0.458328	0.462141
55.481575	0.459309	0.463141
55.501263	0.460291	0.464141
55.52095	0.461274	0.465142
55.54064	0.462257	0.466144
55.56033	0.463241	0.467146
55.580017	0.464225	0.468149
55.599705	0.46521	0.469153
55.619392	0.466195	0.470157
55.639084	0.467181	0.471162
55.65877	0.468168	0.472168
55.67846	0.469155	0.473174
55.698147	0.470143	0.474181
55.717834	0.471131	0.475189
55.737526	0.472119	0.476197
55.757214	0.473108	0.477206
55.7769	0.474098	0.478216
55.79659	0.475088	0.479226
55.816277	0.476078	0.480237
55.835964	0.477069	0.481248
55.855656	0.47806	0.482261
55.875343	0.479052	0.483273
55.89503	0.480044	0.484286
55.91472	0.481036	0.4853
55.934406	0.482029	0.486315
55.954098	0.483022	0.48733
55.973785	0.484015	0.488345
55.993473	0.485008	0.489362
56.01316	0.486002	0.490378
56.03285	0.486997	0.491396
56.05254	0.487991	0.492414
56.072227	0.488986	0.493432
56.091915	0.489981	0.494451
56.111603	0.490977	0.495471
56.13129	0.491972	0.496491
56.150978	0.492968	0.497512
56.17067	0.493965	0.498533
56.190357	0.494961	0.499555
56.210045	0.495958	0.500577
56.229733	0.496955	0.5016
56.24942	0.497953	0.502624
56.26911	0.49895	0.503647
56.2888	0.499948	0.504672
56.308487	0.500947	0.505697
56.328175	0.501945	0.506722
56.347862	0.502944	0.507748
56.367554	0.503943	0.508774
56.38724	0.504942	0.509801
56.40693	0.505942	0.510828
56.426617	0.506942	0.511856
56.446304	0.507942	0.512884
56.465996	0.508943	0.513912
56.485683	0.509943	0.514941
56.50537	0.510945	0.515971
56.52506	0.511946	0.517001
56.544746	0.512947	0.518031
56.564434	0.513949	0.519061
56.584126	0.514951	0.520092
56.603813	0.515954	0.521124
56.6235	0.516956	0.522155
56.64319	0.517959	0.523187
56.662876	0.518962	0.52422
56.682568	0.519965	0.525252
56.702255	0.520968	0.526285
56.721943	0.521972	0.527319
56.74163	0.522975	0.528353
56.76132	0.523979	0.529387
56.78101	0.524983	0.530421
56.800697	0.525988	0.531456
56.820385	0.526992	0.532491
56.840073	0.527997	0.533526
56.85976	0.529001	0.534561
56.879448	0.530006	0.535597
56.89914	0.531011	0.536633
56.918827	0.532016	0.537669
56.938515	0.533021	0.538706
56.958202	0.534027	0.539743
56.97789	0.535032	0.54078
56.99758	0.536038	0.541817
57.01727	0.537044	0.542854
57.036957	0.53805	0.543892
57.056644	0.539056	0.54493
57.076332	0.540062	0.545968
57.096024	0.541068	0.547006
57.11571	0.542075	0.548044
57.1354	0.543081	0.549082
57.155087	0.544088	0.550121
57.174774	0.545095	0.551159
57.19446	0.546102	0.552198
57.214153	0.547109	0.553237
57.23384	0.548116	0.554275
57.25353	0.549123	0.555314
57.273216	0.55013	0.556353
57.292904	0.551137	0.557392
57.312595	0.552145	0.558431
57.332283	0.553152	0.559469
57.35197	0.55416	0.560508
57.37166	0.555168	0.561547
57.391346	0.556175	0.562586
57.411037	0.557183	0.563624
57.430725	0.558191	0.564663
57.450413	0.559198	0.565701
57.4701	0.560206	0.566739
57.489788	0.561214	0.567778
57.50948	0.562222	0.568816
57.529167	0.56323	0.569854
57.548855	0.564237	0.570892
57.568542	0.565245	0.57193
57.58823	0.566253	0.572967
57.607918	0.567261	0.574005
57.62761	0.568268	0.575042
57.647297	0.569275	0.576079
57.666985	0.570283	0.577116
57.686672	0.57129	0.578153
57.70636	0.572297	0.57919
57.72605	0.573304	0.580227
57.74574	0.574311	0.581263
57.765427	0.575318	0.5823
57.785114	0.576325	0.583336
57.804802	0.577332	0.584372
57.824493	0.578338	0.585408
57.84418	0.579344	0.586444
57.86387	0.58035	0.58748
57.883556	0.581357	0.588516
57.903244	0.582363	0.589551
57.92293	0.583368	0.590586
57.942623	0.584374	0.591622
57.96231	0.58538	0.592657
57.982	0.586385	0.593692
58.001686	0.58739	0.594726
58.021374	0.588395	0.595761
58.041065	0.5894	0.596795
58.060753	0.590405	0.597829
58.08044	0.59141	0.598863
58.10013	0.592414	0.599896
58.119816	0.593418	0.60093
58.139507	0.594422	0.601963
58.159195	0.595426	0.602996
58.178883	0.59643	0.604028
58.19857	0.597433	0.605061
58.218258	0.598436	0.606093
58.237946	0.599439	0.607125
58.257637	0.600442	0.608157
58.277325	0.601444	0.609188
58.297012	0.602447	0.610219
58.3167	0.603448	0.61125
58.336388	0.60445	0.61228
58.35608	0.605451	0.61331
58.375767	0.606453	0.61434
58.395454	0.607453	0.61537
58.415142	0.608454	0.616399
58.43483	0.609454	0.617428
58.45452	0.610454	0.618457
58.47421	0.611454	0.619485
58.493896	0.612453	0.620514
58.513584	0.613452	0.621541
58.53327	0.614451	0.622569
58.552963	0.61545	0.623596
58.57265	0.616448	0.624623
58.59234	0.617446	0.625649
58.612026	0.618443	0.626675
58.631714	0.619441	0.627701
58.6514	0.620438	0.628726
58.671093	0.621434	0.629751
58.69078	0.622431	0.630775
58.71047	0.623427	0.631799
58.730156	0.624422	0.632822
58.749844	0.625418	0.633845
58.769535	0.626412	0.634867
58.789223	0.627407	0.635889
58.80891	0.628401	0.63691
58.828598	0.629395	0.63793
58.848286	0.630389	0.63895
58.867977	0.631382	0.63997
58.887665	0.632375	0.640989
58.907352	0.633367	0.642007
58.92704	0.634359	0.643024
58.946728	0.63535	0.644041
58.966415	0.636342	0.645057
58.986107	0.637332	0.646073
59.005795	0.638322	0.647088
59.025482	0.639312	0.648102
59.04517	0.640301	0.649115
59.064857	0.64129	0.650128
59.08455	0.642278	0.651141
59.104237	0.643266	0.652152
59.123924	0.644254	0.653163
59.143612	0.64524	0.654173
59.1633	0.646226	0.655182
59.18299	0.647212	0.656191
59.20268	0.648197	0.657199
59.222366	0.649182	0.658206
59.242054	0.650166	0.659213
59.26174	0.651149	0.660219
59.281433	0.652131	0.661224
59.30112	0.653113	0.662228
59.32081	0.654095	0.663232
59.340496	0.655076	0.664235
59.360184	0.656056	0.665237
59.37987	0.657035	0.666239
59.399563	0.658014	0.66724
59.41925	0.658992	0.668239
59.43894	0.659969	0.669239
59.458626	0.660946	0.670237
59.478313	0.661922	0.671235
59.498005	0.662897	0.672232
59.517693	0.663871	0.673228
59.53738	0.664845	0.674223
59.557068	0.665818	0.675217
59.576756	0.666791	0.676211
59.596447	0.667763	0.677204
59.616135	0.668734	0.678196
59.635822	0.669704	0.679187
59.65551	0.670673	0.680177
59.675198	0.671642	0.681167
59.694885	0.67261	0.682155
59.714577	0.673578	0.683143
59.734264	0.674544	0.68413
59.753952	0.67551	0.685116
59.77364	0.676475	0.686101
59.793327	0.677439	0.687085
59.81302	0.678403	0.688068
59.832706	0.679365	0.68905
59.852394	0.680327	0.690032
59.87208	0.681288	0.691012
59.89177	0.682249	0.691992
59.91146	0.683208	0.69297
59.93115	0.684167	0.693948
59.950836	0.685125	0.694925
59.970524	0.686082	0.695901
59.99021	0.687038	0.696876
60.0099	0.687994	0.697849
60.02959	0.688948	0.698823
60.04928	0.689902	0.699795
60.068966	0.690855	0.700766
60.088654	0.691807	0.701736
60.10834	0.692759	0.702706
60.128033	0.693709	0.703674
60.14772	0.694659	0.704642
60.167408	0.695608	0.705608
60.187096	0.696556	0.706574
60.206783	0.697503	0.707539
60.226475	0.698449	0.708502
60.246162	0.699395	0.709465
60.26585	0.700339	0.710427
60.285538	0.701283	0.711388
60.305225	0.702226	0.712348
60.324917	0.703168	0.713307
60.344604	0.70411	0.714265
60.364292	0.70505	0.715221
60.38398	0.70599	0.716177
60.403667	0.706928	0.717132
60.423355	0.707866	0.718085
60.443047	0.708803	0.719038
60.462734	0.70974	0.719989
60.48242	0.710675	0.720939
60.50211	0.71161	0.721889
60.521797	0.712543	0.722837
60.54149	0.713476	0.723783
60.561176	0.714408	0.724729
60.580864	0.715339	0.725673
60.60055	0.71627	0.726617
60.62024	0.717199	0.727559
60.63993	0.718128	0.728499
60.65962	0.719056	0.729439
60.679306	0.719983	0.730377
60.698994	0.720909	0.731314
60.71868	0.721834	0.732249
60.73837	0.722759	0.733184
60.75806	0.723682	0.734117
60.77775	0.724605	0.735048
60.797436	0.725527	0.735979
60.817123	0.726447	0.736908
60.83681	0.727367	0.737835
60.856503	0.728287	0.738762
60.87619	0.729205	0.739687
60.895878	0.730122	0.740611
60.915565	0.731039	0.741533
60.935253	0.731954	0.742455
60.954945	0.732869	0.743375
60.974632	0.733782	0.744293
60.99432	0.734695	0.745211
61.014008	0.735607	0.746126
61.033695	0.736517	0.747041
61.053383	0.737427	0.747954
61.073074	0.738336	0.748866
61.092762	0.739244	0.749777
61.11245	0.740151	0.750686
61.132137	0.741056	0.751593
61.151825	0.741961	0.7525
61.171516	0.742865	0.753405
61.191204	0.743768	0.754308
61.21089	0.74467	0.75521
61.23058	0.745571	0.756111
61.250267	0.746472	0.757011
61.26996	0.747371	0.757909
61.289646	0.748269	0.758805
61.309334	0.749166	0.7597
61.32902	0.750063	0.760594
61.34871	0.750958	0.761486
61.3684	0.751853	0.762377
61.38809	0.752746	0.763267
61.407776	0.753639	0.764155
61.427464	0.754531	0.765042
61.44715	0.755421	0.765927
61.46684	0.756311	0.766811
61.48653	0.7572	0.767693
61.506218	0.758088	0.768574
61.525906	0.758975	0.769454
61.545593	0.759861	0.770332
61.56528	0.760745	0.771209
61.584972	0.761629	0.772084
61.60466	0.762512	0.772958
61.624348	0.763394	0.773831
61.644035	0.764275	0.774702
61.663723	0.765155	0.775572
61.683414	0.766034	0.77644
61.703102	0.766912	0.777307
61.72279	0.767789	0.778173
61.742477	0.768664	0.779037
61.762165	0.769539	0.7799
61.781853	0.770413	0.780761
61.801544	0.771286	0.781621
61.82123	0.772157	0.78248
61.84092	0.773028	0.783337
61.860607	0.773898	0.784192
61.880295	0.774767	0.785047
61.899986	0.775634	0.785899
61.919674	0.776501	0.786751
61.93936	0.777367	0.787601
61.95905	0.778231	0.788449
61.978737	0.779095	0.789296
61.99843	0.779958	0.790142
62.018116	0.780819	0.790986
62.037804	0.78168	0.791828
62.05749	0.782539	0.79267
62.07718	0.783397	0.793509
62.096867	0.784255	0.794347
62.116558	0.785111	0.795184
62.136246	0.785966	0.796019
62.155933	0.786821	0.796852
62.17562	0.787674	0.797684
62.19531	0.788526	0.798514
62.215	0.789377	0.799342
62.234688	0.790226	0.800169
62.254375	0.791075	0.800994
62.274063	0.791923	0.801818
62.29375	0.79277	0.80264
62.313442	0.793615	0.80346
62.33313	0.79446	0.804279
62.352818	0.795303	0.805096
62.372505	0.796145	0.805911
62.392193	0.796986	0.806725
62.411884	0.797827	0.807537
62.431572	0.798665	0.808348
62.45126	0.799503	0.809157
62.470947	0.80034	0.809964
62.490635	0.801175	0.810769
62.510323	0.80201	0.811573
62.530014	0.802843	0.812375
62.5497	0.803674	0.813175
62.56939	0.804505	0.813974
62.589077	0.805335	0.814772
62.608765	0.806163	0.815567
62.628456	0.80699	0.816361
62.648144	0.807815	0.817153
62.66783	0.80864	0.817944
62.68752	0.809463	0.818733
62.707207	0.810285	0.81952
62.7269	0.811105	0.820306
62.746586	0.811924	0.82109
62.766273	0.812742	0.821873
62.78596	0.813558	0.822653
62.80565	0.814373	0.823432
62.825336	0.815187	0.82421
62.845028	0.815999	0.824985
62.864716	0.81681	0.825759
62.884403	0.81762	0.826532
62.90409	0.818428	0.827302
62.92378	0.819235	0.828071
62.94347	0.82004	0.828839
62.963158	0.820844	0.829604
62.982845	0.821647	0.830368
63.002533	0.822448	0.83113
63.02222	0.823247	0.831891
63.041912	0.824045	0.83265
63.0616	0.824842	0.833407
63.081287	0.825637	0.834163
63.100975	0.826431	0.834916
63.120663	0.827223	0.835669
63.14035	0.828013	0.836419
63.16004	0.828802	0.837168
63.17973	0.82959	0.837915
63.199417	0.830375	0.83866
63.219105	0.83116	0.839404
63.238792	0.831942	0.840146
63.258484	0.832724	0.840886
63.27817	0.833503	0.841624
63.29786	0.834281	0.842361
63.317547	0.835057	0.843096
63.337234	0.835832	0.84383
63.356926	0.836604	0.844562
63.376614	0.837375	0.845292
63.3963	0.838145	0.84602
63.41599	0.838913	0.846747
63.435677	0.839679	0.847472
63.455368	0.840443	0.848196
63.475056	0.841206	0.848918
63.494743	0.841967	0.849638
63.51443	0.842726	0.850356
63.53412	0.843484	0.851073
63.553806	0.844239	0.851788
63.573498	0.844993	0.852501
63.593185	0.845746	0.853213
63.612873	0.846496	0.853923
63.63256	0.847245	0.854631
63.65225	0.847992	0.855338
63.67194	0.848737	0.856043
63.691628	0.849481	0.856747
63.711315	0.850222	0.857448
63.731003	0.850962	0.858148
63.75069	0.8517	0.858847
63.770382	0.852437	0.859543
63.79007	0.853171	0.860238
63.809757	0.853903	0.860931
63.829445	0.854634	0.861623
63.849133	0.855363	0.862312
63.86882	0.85609	0.863
63.88851	0.856815	0.863686
63.9082	0.857538	0.864371
63.927887	0.858259	0.865053
63.947575	0.858978	0.865734
63.967262	0.859696	0.866413
63.986954	0.860411	0.86709
64.00664	0.861125	0.867766
64.02633	0.861836	0.86844
64.04602	0.862546	0.869111
64.065704	0.863254	0.869781
64.085396	0.863959	0.87045
64.10508	0.864663	0.871116
64.12477	0.865365	0.871781
64.14446	0.866065	0.872444
64.16415	0.866763	0.873105
64.18384	0.867459	0.873764
64.20352	0.868153	0.874422
64.22321	0.868845	0.875078
64.242905	0.869535	0.875732
64.26259	0.870222	0.876384
64.28228	0.870908	0.877035
64.30196	0.871592	0.877684
64.321655	0.872274	0.878331
64.34134	0.872954	0.878976
64.36103	0.873631	0.87962
64.38072	0.874307	0.880262
64.400406	0.874981	0.880902
64.4201	0.875652	0.88154
64.43978	0.876322	0.882177
64.45947	0.876989	0.882812
64.479164	0.877655	0.883445
64.49885	0.878318	0.884077
64.51854	0.87898	0.884706
64.53822	0.879639	0.885334
64.557915	0.880296	0.885961
64.57761	0.880952	0.886585
64.59729	0.881605	0.887208
64.61698	0.882256	0.887829
64.636665	0.882905	0.888448
64.65636	0.883553	0.889066
64.67605	0.884198	0.889682
64.69573	0.884841	0.890296
64.71542	0.885482	0.890908
64.73511	0.886121	0.891518
64.7548	0.886758	0.892127
64.77449	0.887393	0.892734
64.794174	0.888026	0.893339
64.813866	0.888657	0.893943
64.83355	0.889286	0.894545
64.85324	0.889913	0.895145
64.87293	0.890537	0.895743
64.89262	0.89116	0.896339
64.91231	0.891781	0.896934
64.93199	0.892399	0.897527
64.95168	0.893016	0.898118
64.971375	0.89363	0.898708
64.99106	0.894243	0.899295
65.01075	0.894853	0.899881
65.03043	0.895461	0.900466
65.050125	0.896067	0.901048
65.06981	0.896671	0.901629
65.0895	0.897273	0.902208
65.10919	0.897873	0.902785
65.128876	0.898471	0.90336
65.14857	0.899067	0.903934
65.16825	0.899661	0.904505
65.18794	0.900253	0.905075
65.207634	0.900843	0.905644
65.22732	0.90143	0.90621
65.24701	0.902016	0.906775
65.26669	0.9026	0.907338
65.286385	0.903182	0.907899
65.306076	0.903762	0.908458
65.32576	0.904339	0.909016
65.34545	0.904915	0.909572
65.365135	0.905489	0.910126
65.38483	0.906061	0.910678
65.40452	0.906631	0.911228
65.4242	0.9072	0.911777
65.44389	0.907766	0.912324
65.46358	0.90833	0.912869
65.48327	0.908892	0.913413
65.50296	0.909453	0.913954
65.522644	0.910011	0.914494
65.542336	0.910568	0.915032
65.56202	0.911123	0.915569
65.58171	0.911676	0.916103
65.6014	0.912227	0.916636
65.621086	0.912776	0.917167
65.64078	0.913323	0.917696
65.66046	0.913868	0.918224
65.68015	0.914412	0.918749
65.699844	0.914954	0.919273
65.71953	0.915494	0.919795
65.73922	0.916031	0.920315
65.7589	0.916568	0.920834
65.778595	0.917102	0.92135
65.79828	0.917634	0.921865
65.81797	0.918165	0.922378
65.83766	0.918694	0.922889
65.857346	0.919221	0.923399
65.87704	0.919746	0.923906
65.89672	0.920269	0.924412
65.91641	0.920791	0.924916
65.936104	0.92131	0.925418
65.95579	0.921828	0.925918
65.97548	0.922344	0.926417
65.99516	0.922858	0.926913
66.014854	0.923371	0.927408
66.034546	0.923881	0.927902
66.05423	0.92439	0.928393
66.07392	0.924897	0.928883
66.093605	0.925402	0.929371
66.1133	0.925905	0.929857
66.13299	0.926406	0.930341
66.15267	0.926906	0.930824
66.17236	0.927404	0.931305
66.19205	0.9279	0.931784
66.21174	0.928394	0.932261
66.23143	0.928887	0.932737
66.251114	0.929377	0.933211
66.270805	0.929866	0.933683
66.29049	0.930353	0.934154
66.31018	0.930838	0.934622
66.32987	0.931322	0.935089
66.349556	0.931803	0.935555
66.36925	0.932283	0.936018
66.38893	0.932761	0.93648
66.40862	0.933238	0.93694
66.42831	0.933712	0.937399
66.448	0.934185	0.937855
66.46769	0.934656	0.93831
66.48737	0.935125	0.938764
66.507065	0.935593	0.939216
66.52675	0.936059	0.939666
66.54644	0.936523	0.940114
66.56613	0.936985	0.940561
66.585815	0.937445	0.941006
66.60551	0.937904	0.941449
66.62519	0.938361	0.941891
66.64488	0.938816	0.942331
66.66457	0.93927	0.942769
66.68426	0.939721	0.943206
66.70395	0.940171	0.94364
66.72363	0.940619	0.944074
66.743324	0.941066	0.944505
66.763016	0.941511	0.944935
66.7827	0.941954	0.945363
66.80239	0.942395	0.945789
66.822075	0.942835	0.946214
66.84177	0.943272	0.946636
66.86146	0.943709	0.947057
66.88114	0.944143	0.947477
66.90083	0.944576	0.947895
66.92052	0.945007	0.948311
66.94021	0.945436	0.948725
66.9599	0.945863	0.949137
66.97958	0.946289	0.949548
66.999275	0.946713	0.949957
67.01896	0.947135	0.950364
67.03865	0.947556	0.950769
67.05834	0.947975	0.951173
67.078026	0.948392	0.951575
67.09772	0.948807	0.951975
67.1174	0.949221	0.952374
67.13709	0.949633	0.95277
67.15678	0.950044	0.953165
67.17647	0.950452	0.953559
67.19616	0.950859	0.95395
67.21584	0.951265	0.95434
67.235535	0.951668	0.954728
67.25522	0.95207	0.955114
67.27491	0.95247	0.955499
67.2946	0.952868	0.955881
67.314285	0.953265	0.956263
67.33398	0.95366	0.956642
67.35366	0.954053	0.95702
67.37335	0.954444	0.957395
67.39304	0.954834	0.957769
67.41273	0.955222	0.958142
67.43242	0.955608	0.958512
67.4521	0.955993	0.958881
67.471794	0.956375	0.959249
67.491486	0.956757	0.959614
67.51117	0.957136	0.959978
67.53086	0.957513	0.96034
67.550545	0.957889	0.9607
67.57024	0.958263	0.961059
67.58993	0.958635	0.961416
67.60961	0.959006	0.961771
67.6293	0.959374	0.962125
67.64899	0.959741	0.962477
67.66868	0.960106	0.962827
67.68837	0.96047	0.963175
67.70805	0.960831	0.963522
67.727745	0.961191	0.963867
67.74743	0.96155	0.96421
67.76712	0.961906	0.964552
67.78681	0.962261	0.964892
67.806496	0.962614	0.96523
67.82619	0.962965	0.965567
67.84587	0.963314	0.965902
67.86556	0.963662	0.966235
67.88525	0.964008	0.966567
67.90494	0.964352	0.966897
67.92463	0.964694	0.967225
67.94431	0.965035	0.967552
67.964005	0.965373	0.967877
67.98369	0.96571	0.9682
68.00338	0.966046	0.968522
68.02307	0.966379	0.968842
68.042755	0.96671	0.96916
68.06245	0.96704	0.969477
68.08213	0.967368	0.969792
68.10182	0.967695	0.970105
68.12151	0.968019	0.970417
68.1412	0.968342	0.970727
68.16089	0.968663	0.971035
68.18057	0.968982	0.971342
68.200264	0.9693	0.971647
68.219955	0.969615	0.97195
68.23964	0.969929	0.972252
68.25933	0.970241	0.972552
68.279015	0.970552	0.97285
68.298706	0.970861	0.973147
68.3184	0.971167	0.973442
68.33808	0.971473	0.973735
68.35777	0.971776	0.974027
68.37746	0.972078	0.974317
68.39715	0.972378	0.974605
68.41684	0.972676	0.974892
68.43652	0.972973	0.975176
68.456215	0.973268	0.97546
68.4759	0.973561	0.975741
68.49559	0.973853	0.976021
68.51528	0.974143	0.9763
68.534966	0.974431	0.976576
68.55466	0.974718	0.976851
68.57434	0.975003	0.977125
68.59403	0.975286	0.977396
68.613716	0.975568	0.977666
68.63341	0.975848	0.977935
68.6531	0.976126	0.978201
68.67278	0.976403	0.978466
68.692474	0.976678	0.978729
68.71216	0.976952	0.978991
68.73185	0.977223	0.979251
68.75154	0.977494	0.979509
68.771225	0.977762	0.979765
68.79092	0.978029	0.98002
68.8106	0.978295	0.980274
68.83029	0.978558	0.980525
68.84998	0.978821	0.980775
68.86967	0.979081	0.981023
68.88936	0.97934	0.98127
68.90904	0.979597	0.981515
68.928734	0.979853	0.981758
68.948425	0.980107	0.982
68.96811	0.98036	0.98224
68.9878	0.980611	0.982478
69.007484	0.98086	0.982714
69.027176	0.981108	0.982949
69.04687	0.981353	0.983183
69.06655	0.981598	0.983414
69.08624	0.98184	0.983644
69.10593	0.982081	0.983873
69.12562	0.98232	0.984099
69.14531	0.982558	0.984324
69.16499	0.982794	0.984548
69.184685	0.983028	0.984769
69.20437	0.983261	0.984989
69.22406	0.983492	0.985208
69.243744	0.983721	0.985424
69.263435	0.983948	0.985639
69.28313	0.984174	0.985853
69.30281	0.984398	0.986064
69.3225	0.98462	0.986274
69.342186	0.984841	0.986483
69.36188	0.985059	0.98669
69.38157	0.985277	0.986895
69.40125	0.985492	0.987098
69.420944	0.985706	0.9873
69.44063	0.985918	0.987501
69.46032	0.986128	0.987699
69.48001	0.986337	0.987897
69.499695	0.986544	0.988092
69.51939	0.986749	0.988286
69.53907	0.986952	0.988479
69.55876	0.987154	0.98867
69.57845	0.987354	0.988859
69.59814	0.987553	0.989047
69.61783	0.98775	0.989233
69.63751	0.987945	0.989418
69.6572	0.988138	0.989601
69.676895	0.98833	0.989783
69.69658	0.98852	0.989963
69.71627	0.988709	0.990142
69.735954	0.988896	0.990319
69.755646	0.989081	0.990495
69.77534	0.989265	0.990669
69.79502	0.989447	0.990842
69.81471	0.989627	0.991013
69.8344	0.989806	0.991183
69.85409	0.989983	0.991351
69.87378	0.990159	0.991517
69.89346	0.990333	0.991682
69.913155	0.990505	0.991846
69.93284	0.990676	0.992007
69.95253	0.990845	0.992168
69.97221	0.991013	0.992326
69.991905	0.991179	0.992484
70.0116	0.991344	0.992639
70.03128	0.991507	0.992793
70.05097	0.991668	0.992945
70.070656	0.991828	0.993096
70.09035	0.991987	0.993245
70.11004	0.992143	0.993393
70.12972	0.992299	0.993538
70.149414	0.992453	0.993683
70.1691	0.992605	0.993825
70.18879	0.992756	0.993966
70.20848	0.992905	0.994105
70.228165	0.993053	0.994243
70.247856	0.993199	0.994378
70.26754	0.993344	0.994513
70.28723	0.993488	0.994645
70.30692	0.99363	0.994776
70.32661	0.99377	0.994905
70.3463	0.993909	0.995033
70.36598	0.994046	0.995158
70.38567	0.994182	0.995283
70.405365	0.994316	0.995405
70.42505	0.994449	0.995526
70.44474	0.994581	0.995645
70.464424	0.99471	0.995763
70.484116	0.994839	0.995878
70.50381	0.994965	0.995993
70.52349	0.995091	0.996105
70.54318	0.995214	0.996216
70.56287	0.995337	0.996325
70.58256	0.995457	0.996433
70.60225	0.995577	0.996539
70.62193	0.995694	0.996643
70.641624	0.99581	0.996746
70.66131	0.995925	0.996847
70.681	0.996038	0.996947
70.70068	0.996149	0.997044
70.720375	0.996259	0.99714
70.74007	0.996367	0.997235
70.75975	0.996474	0.997328
70.77944	0.996579	0.99742
70.799126	0.996682	0.997509
70.81882	0.996784	0.997598
70.83851	0.996884	0.997684
70.85819	0.996983	0.99777
70.877884	0.99708	0.997853
70.89757	0.997175	0.997935
70.91726	0.997269	0.998016
70.93695	0.997361	0.998094
70.956635	0.997452	0.998172
70.976326	0.997541	0.998248
70.99601	0.997628	0.998322
71.0157	0.997714	0.998394
71.03539	0.997798	0.998466
71.05508	0.99788	0.998535
71.07477	0.997961	0.998603
71.09445	0.99804	0.998669
71.11414	0.998118	0.998734
71.133835	0.998194	0.998798
71.15352	0.998269	0.998859
71.17321	0.998342	0.99892
71.192894	0.998414	0.998978
71.212585	0.998483	0.999036
71.23228	0.998552	0.999091
71.25196	0.998619	0.999145
71.27165	0.998684	0.999197
71.291336	0.998748	0.999248
71.31103	0.99881	0.999297
71.33071	0.99887	0.999345
71.3504	0.998929	0.999391
71.370094	0.998987	0.999435
71.38978	0.999043	0.999478
71.40947	0.999097	0.999519
71.42915	0.99915	0.999558
71.448845	0.999201	0.999596
71.46854	0.99925	0.999632
71.48822	0.999298	0.999667
71.50791	0.999344	0.9997
71.527596	0.999389	0.999731
71.54729	0.999432	0.99976
71.56698	0.999474	0.999788
71.58666	0.999514	0.999814
71.60635	0.999552	0.999839
71.62604	0.999589	0.999862
71.64573	0.999624	0.999883
71.66542	0.999657	0.999902
71.685104	0.999689	0.99992
71.704796	0.99972	0.999936
71.72448	0.999749	0.999949
71.74417	0.999776	0.999962
71.76386	0.999802	0.999973
71.78355	0.999826	0.999981
71.80324	0.999849	0.999989
71.82292	0.99987	0.999994
71.84261	0.999889	0.999998
71.862305	0.999907	1.0
71.88199	0.999923	1.0
71.90168	0.999938	1.0
71.921364	0.999951	1.0
71.941055	0.999963	1.0
71.96075	0.999973	1.0
71.98043	0.999981	1.0
72.00012	0.999988	1.0
72.019806	0.999994	1.0
72.0395	0.999997	1.0
72.05918	0.999999	1.0
72.07887	1.0	1.0
72.098564	1.0	1.0
72.11825	1.0	1.0
72.13794	1.0	1.0
72.15762	1.0	1.0
72.177315	1.0	1.0
72.19701	1.0	1.0
72.21669	1.0	1.0
72.23638	1.0	1.0
72.256065	1.0	1.0
72.27576	1.0	1.0
72.29545	1.0	1.0
72.31513	1.0	1.0
72.33482	1.0	1.0
72.35451	1.0	1.0
72.3742	1.0	1.0
72.39389	1.0	1.0
72.413574	1.0	1.0
72.433266	1.0	1.0
72.45295	1.0	1.0
72.47264	1.0	1.0
72.49233	1.0	1.0
72.51202	1.0	1.0
72.53171	1.0	1.0
72.55139	1.0	1.0
72.57108	1.0	1.0
72.590775	1.0	1.0
72.61046	1.0	1.0
72.63015	1.0	1.0
72.64983	1.0	1.0
72.669525	1.0	1.0
72.68922	1.0	1.0
72.7089	1.0	1.0
72.72859	1.0	1.0
72.748276	1.0	1.0
72.76797	1.0	1.0
72.78765	1.0	1.0
72.80734	1.0	1.0
72.827034	1.0	1.0
72.84672	1.0	1.0
72.86641	1.0	1.0
72.88609	1.0	1.0
72.905785	1.0	1.0
72.925476	1.0	1.0
72.94516	1.0	1.0
72.96485	1.0	1.0
72.984535	1.0	1.0
73.00423	1.0	1.0
73.02392	1.0	1.0
73.0436	1.0	1.0
73.06329	1.0	1.0
73.08298	1.0	1.0
73.10267	1.0	1.0
73.12236	1.0	1.0
73.142044	1.0	1.0
73.161736	1.0	1.0
73.18142	1.0	1.0
73.20111	1.0	1.0
73.2208	1.0	1.0
73.240486	1.0	1.0
73.26018	1.0	1.0
73.27986	1.0	1.0
73.29955	1.0	1.0
73.319244	1.0	1.0
73.33893	1.0	1.0
73.35862	1.0	1.0
73.3783	1.0	1.0
73.397995	1.0	1.0
73.41768	1.0	1.0
73.43737	1.0	1.0
73.45706	1.0	1.0
73.476746	1.0	1.0
73.49644	1.0	1.0
73.51612	1.0	1.0
73.53581	1.0	1.0
73.555504	1.0	1.0
73.57519	1.0	1.0
73.59488	1.0	1.0
73.61456	1.0	1.0
73.634254	1.0	1.0
73.653946	1.0	1.0
73.67363	1.0	1.0
73.69332	1.0	1.0
73.713005	1.0	1.0
73.7327	1.0	1.0
73.75239	1.0	1.0
73.77207	1.0	1.0
73.79176	1.0	1.0
73.81145	1.0	1.0
73.83114	1.0	1.0
73.85083	1.0	1.0
73.870514	1.0	1.0
73.890205	1.0	1.0
73.90989	1.0	1.0
73.92958	1.0	1.0
73.94927	1.0	1.0
73.968956	1.0	1.0
73.98865	1.0	1.0
74.00833	1.0	1.0
74.02802	1.0	1.0
74.047714	1.0	1.0
74.0674	1.0	1.0
74.08709	1.0	1.0
74.10677	1.0	1.0
74.126465	1.0	1.0
74.14615	1.0	1.0
74.16584	1.0	1.0
74.18553	1.0	1.0
74.205215	1.0	1.0
74.22491	1.0	1.0
74.24459	1.0	1.0
74.26428	1.0	1.0
74.28397	1.0	1.0
74.30366	1.0	1.0
74.32335	1.0	1.0
74.34303	1.0	1.0
74.362724	1.0	1.0
74.382416	1.0	1.0
74.4021	1.0	1.0
74.42179	1.0	1.0
74.441475	1.0	1.0
74.46117	1.0	1.0
74.48086	1.0	1.0
74.50054	1.0	1.0
74.52023	1.0	1.0
74.53992	1.0	1.0
74.55961	1.0	1.0
74.5793	1.0	1.0
74.59898	1.0	1.0
74.618675	1.0	1.0
74.63836	1.0	1.0
74.65805	1.0	1.0
74.67774	1.0	1.0
74.697426	1.0	1.0
74.71712	1.0	1.0
74.7368	1.0	1.0
74.75649	1.0	1.0
74.776184	1.0	1.0
74.79587	1.0	1.0
74.81556	1.0	1.0
74.83524	1.0	1.0
74.854935	1.0	1.0
74.87462	1.0	1.0
74.89431	1.0	1.0
74.914	1.0	1.0
74.933685	1.0	1.0
74.95338	1.0	1.0
74.97306	1.0	1.0
74.99275	1.0	1.0
75.01244	1.0	1.0
