Temperature	0.0uM_1	0.0uM_2	
31.83584	0.0	0.0
31.855528	0.0	0.0
31.875217	0.0	0.0
31.894905	0.0	0.0
31.914593	0.0	0.0
31.934282	0.0	0.0
31.95397	0.0	0.0
31.97366	0.0	0.0
31.993347	0.0	0.0
32.013035	0.0	0.0
32.032722	0.0	0.0
32.052414	0.0	0.0
32.0721	0.0	0.0
32.09179	0.0	0.0
32.111477	0.0	0.0
32.131165	0.0	0.0
32.150852	0.0	0.0
32.170544	0.0	0.0
32.19023	0.0	0.0
32.20992	0.0	0.0
32.229607	0.0	0.0
32.249294	0.0	0.0
32.268986	0.0	0.0
32.288673	0.0	0.0
32.30836	0.0	0.0
32.32805	0.0	0.0
32.347736	0.0	0.0
32.367428	0.0	0.0
32.387115	0.0	0.0
32.406803	0.0	0.0
32.42649	0.0	0.0
32.44618	0.0	0.0
32.465866	0.0	0.0
32.485558	0.0	0.0
32.505245	0.0	0.0
32.524933	0.0	0.0
32.54462	0.0	0.0
32.56431	0.0	0.0
32.584	0.0	0.0
32.603687	0.0	0.0
32.623375	0.0	0.0
32.643063	0.0	0.0
32.66275	0.0	0.0
32.68244	0.0	0.0
32.70213	0.0	0.0
32.721817	0.0	0.0
32.741505	0.0	0.0
32.761192	0.0	0.0
32.780884	0.0	0.0
32.80057	0.0	0.0
32.82026	0.0	0.0
32.839947	0.0	0.0
32.859634	0.0	0.0
32.879322	0.0	0.0
32.899014	0.0	0.0
32.9187	0.0	0.0
32.93839	0.0	0.0
32.958076	0.0	0.0
32.977764	0.0	0.0
32.997456	0.0	0.0
33.017143	0.0	0.0
33.03683	0.0	0.0
33.05652	0.0	0.0
33.076206	0.0	0.0
33.095898	0.0	0.0
33.115585	0.0	0.0
33.135273	0.0	0.0
33.15496	0.0	0.0
33.17465	0.0	0.0
33.194336	0.0	0.0
33.214027	0.0	0.0
33.233715	0.0	0.0
33.253403	0.0	0.0
33.27309	0.0	0.0
33.292778	0.0	0.0
33.31247	0.0	0.0
33.332157	0.0	0.0
33.351845	0.0	0.0
33.371532	0.0	0.0
33.39122	0.0	0.0
33.41091	0.0	0.0
33.4306	0.0	0.0
33.450287	0.0	0.0
33.469975	0.0	0.0
33.489662	0.0	0.0
33.50935	0.0	0.0
33.52904	0.0	0.0
33.54873	0.0	0.0
33.568417	0.0	0.0
33.588104	0.0	0.0
33.60779	0.0	0.0
33.627483	0.0	0.0
33.64717	0.0	0.0
33.66686	0.0	0.0
33.686546	0.0	0.0
33.706234	0.0	0.0
33.725925	0.0	0.0
33.745613	0.0	0.0
33.7653	0.0	0.0
33.78499	0.0	0.0
33.804676	0.0	0.0
33.824368	0.0	0.0
33.844055	0.0	0.0
33.863743	0.0	0.0
33.88343	0.0	0.0
33.90312	0.0	0.0
33.922806	0.0	0.0
33.942497	0.0	0.0
33.962185	0.0	0.0
33.981873	0.0	0.0
34.00156	0.0	0.0
34.021248	0.0	0.0
34.04094	0.0	0.0
34.060627	0.0	0.0
34.080315	0.0	0.0
34.100002	0.0	0.0
34.11969	0.0	0.0
34.13938	0.0	0.0
34.15907	0.0	0.0
34.178757	0.0	0.0
34.198444	0.0	0.0
34.218132	0.0	0.0
34.23782	0.0	0.0
34.25751	0.0	0.0
34.2772	0.0	0.0
34.296886	0.0	0.0
34.316574	0.0	0.0
34.33626	0.0	0.0
34.355953	0.0	0.0
34.37564	0.0	0.0
34.39533	0.0	0.0
34.415016	0.0	0.0
34.434704	0.0	0.0
34.454395	0.0	0.0
34.474083	0.0	0.0
34.49377	0.0	0.0
34.51346	0.0	0.0
34.533146	0.0	0.0
34.552834	0.0	0.0
34.572525	0.0	0.0
34.592213	0.0	0.0
34.6119	0.0	0.0
34.631588	0.0	0.0
34.651276	0.0	0.0
34.670967	0.0	0.0
34.690655	0.0	0.0
34.710342	0.0	0.0
34.73003	0.0	0.0
34.749718	0.0	0.0
34.76941	0.0	0.0
34.789097	0.0	0.0
34.808784	0.0	0.0
34.828472	0.0	0.0
34.84816	0.0	0.0
34.86785	0.0	0.0
34.88754	0.0	0.0
34.907227	0.0	0.0
34.926914	0.0	0.0
34.9466	0.0	0.0
34.96629	0.0	0.0
34.98598	0.0	0.0
35.00567	0.0	0.0
35.025356	0.0	0.0
35.045044	0.0	0.0
35.06473	0.0	0.0
35.084423	0.0	0.0
35.10411	0.0	0.0
35.1238	0.0	0.0
35.143486	0.0	0.0
35.163174	0.0	0.0
35.182865	0.0	0.0
35.202553	0.0	0.0
35.22224	0.0	0.0
35.24193	0.0	0.0
35.261616	0.0	0.0
35.281303	0.0	0.0
35.300995	0.0	0.0
35.320683	0.0	0.0
35.34037	0.0	0.0
35.360058	0.0	0.0
35.379745	0.0	0.0
35.399437	0.0	0.0
35.419125	0.0	0.0
35.438812	0.0	0.0
35.4585	0.0	0.0
35.478188	0.0	0.0
35.49788	0.0	0.0
35.517567	0.0	0.0
35.537254	0.0	0.0
35.556942	0.0	0.0
35.57663	0.0	0.0
35.596317	0.0	0.0
35.61601	0.0	0.0
35.635696	0.0	0.0
35.655384	0.0	0.0
35.67507	0.0	0.0
35.69476	0.0	0.0
35.71445	0.0	0.0
35.73414	0.0	0.0
35.753826	0.0	0.0
35.773514	0.0	0.0
35.7932	0.0	0.0
35.812893	0.0	0.0
35.83258	0.0	0.0
35.85227	0.0	0.0
35.871956	0.0	0.0
35.891644	0.0	0.0
35.911335	0.0	0.0
35.931023	0.0	0.0
35.95071	0.0	0.0
35.970398	0.0	0.0
35.990086	0.0	0.0
36.009773	0.0	0.0
36.029465	0.0	0.0
36.049152	0.0	0.0
36.06884	0.0	0.0
36.088528	0.0	0.0
36.108215	0.0	0.0
36.127907	0.0	0.0
36.147594	0.0	0.0
36.167282	0.0	0.0
36.18697	0.0	0.0
36.206657	0.0	0.0
36.22635	0.0	0.0
36.246037	0.0	0.0
36.265724	0.0	0.0
36.28541	0.0	0.0
36.3051	0.0	0.0
36.324787	0.0	0.0
36.34448	0.0	0.0
36.364166	0.0	0.0
36.383854	0.0	0.0
36.40354	0.0	0.0
36.42323	0.0	0.0
36.44292	0.0	0.0
36.46261	0.0	0.0
36.482296	0.0	0.0
36.501984	0.0	0.0
36.52167	0.0	0.0
36.541363	0.0	0.0
36.56105	0.0	0.0
36.580738	0.0	0.0
36.600426	0.0	0.0
36.620113	0.0	0.0
36.6398	0.0	0.0
36.659492	0.0	0.0
36.67918	0.0	0.0
36.698868	0.0	0.0
36.718555	0.0	0.0
36.738243	0.0	0.0
36.757935	0.0	0.0
36.777622	0.0	0.0
36.79731	0.0	0.0
36.816998	0.0	0.0
36.836685	0.0	0.0
36.856377	0.0	0.0
36.876064	0.0	0.0
36.895752	0.0	0.0
36.91544	0.0	0.0
36.935127	0.0	0.0
36.95482	0.0	0.0
36.974506	0.0	0.0
36.994194	0.0	0.0
37.01388	0.0	0.0
37.03357	0.0	0.0
37.053257	0.0	0.0
37.07295	0.0	0.0
37.092636	0.0	0.0
37.112324	0.0	0.0
37.13201	0.0	0.0
37.1517	0.0	0.0
37.17139	0.0	0.0
37.19108	0.0	0.0
37.210766	0.0	0.0
37.230453	0.0	0.0
37.25014	0.0	0.0
37.269833	0.0	0.0
37.28952	0.0	0.0
37.309208	0.0	0.0
37.328896	0.0	0.0
37.348583	0.0	0.0
37.36827	0.0	0.0
37.387962	0.0	0.0
37.40765	0.0	0.0
37.427338	0.0	0.0
37.447025	0.0	0.0
37.466713	0.0	0.0
37.486404	0.0	0.0
37.506092	0.0	0.0
37.52578	0.0	0.0
37.545467	0.0	0.0
37.565155	0.0	0.0
37.584846	0.0	0.0
37.604534	0.0	0.0
37.62422	0.0	0.0
37.64391	0.0	0.0
37.663597	0.0	0.0
37.683285	0.0	0.0
37.702976	0.0	0.0
37.722664	0.0	0.0
37.74235	0.0	0.0
37.76204	0.0	0.0
37.781727	0.0	0.0
37.80142	0.0	0.0
37.821106	0.0	0.0
37.840794	0.0	0.0
37.86048	0.0	0.0
37.88017	0.0	0.0
37.89986	0.0	0.0
37.919548	0.0	0.0
37.939236	0.0	0.0
37.958923	0.0	0.0
37.97861	0.0	0.0
37.998302	0.0	0.0
38.01799	0.0	0.0
38.037678	0.0	0.0
38.057365	0.0	0.0
38.077053	0.0	0.0
38.09674	0.0	0.0
38.116432	0.0	0.0
38.13612	0.0	0.0
38.155807	0.0	0.0
38.175495	0.0	0.0
38.195183	0.0	0.0
38.214874	0.0	0.0
38.234562	0.0	0.0
38.25425	0.0	0.0
38.273937	0.0	0.0
38.293625	0.0	0.0
38.313316	0.0	0.0
38.333004	0.0	0.0
38.35269	0.0	0.0
38.37238	0.0	0.0
38.392067	0.0	0.0
38.411755	0.0	0.0
38.431446	0.0	0.0
38.451134	0.0	0.0
38.47082	0.0	0.0
38.49051	0.0	0.0
38.510197	0.0	0.0
38.52989	0.0	0.0
38.549576	0.0	0.0
38.569263	0.0	0.0
38.58895	0.0	0.0
38.60864	0.0	0.0
38.62833	0.0	0.0
38.648018	0.0	0.0
38.667706	0.0	0.0
38.687393	0.0	0.0
38.70708	0.0	0.0
38.72677	0.0	0.0
38.74646	0.0	0.0
38.766148	0.0	0.0
38.785835	0.0	0.0
38.805523	0.0	0.0
38.82521	0.0	0.0
38.844902	0.0	0.0
38.86459	0.0	0.0
38.884277	0.0	0.0
38.903965	0.0	0.0
38.923653	0.0	0.0
38.943344	0.0	0.0
38.96303	0.0	0.0
38.98272	0.0	0.0
39.002407	0.0	0.0
39.022095	0.0	0.0
39.041786	0.0	0.0
39.061474	0.0	0.0
39.08116	0.0	0.0
39.10085	0.0	0.0
39.120537	0.0	0.0
39.140224	0.0	0.0
39.159916	0.0	0.0
39.179604	0.0	0.0
39.19929	0.0	0.0
39.21898	0.0	0.0
39.238667	0.0	0.0
39.258358	0.0	0.0
39.278046	0.0	0.0
39.297733	0.0	0.0
39.31742	0.0	0.0
39.33711	0.0	0.0
39.3568	0.0	0.0
39.376488	0.0	0.0
39.396175	0.0	0.0
39.415863	0.0	0.0
39.43555	0.0	0.0
39.45524	0.0	0.0
39.47493	0.0	0.0
39.494617	0.0	0.0
39.514305	0.0	0.0
39.533993	0.0	0.0
39.55368	0.0	0.0
39.57337	0.0	0.0
39.59306	0.0	0.0
39.612747	0.0	0.0
39.632435	0.0	0.0
39.652122	0.0	0.0
39.671814	0.0	0.0
39.6915	0.0	0.0
39.71119	0.0	0.0
39.730877	0.0	0.0
39.750565	0.0	0.0
39.770252	0.0	0.0
39.789944	0.0	0.0
39.80963	0.0	0.0
39.82932	0.0	0.0
39.849007	0.0	0.0
39.868694	0.0	0.0
39.888386	0.0	0.0
39.908073	0.0	0.0
39.92776	0.0	0.0
39.94745	0.0	0.0
39.967136	0.0	0.0
39.986828	0.0	0.0
40.006516	0.0	0.0
40.026203	0.0	0.0
40.04589	0.0	0.0
40.06558	0.0	0.0
40.08527	0.0	0.0
40.104958	0.0	0.0
40.124645	0.0	0.0
40.144333	0.0	0.0
40.16402	0.0	0.0
40.18371	0.0	0.0
40.2034	0.0	0.0
40.223087	0.0	0.0
40.242775	0.0	0.0
40.262463	0.0	0.0
40.28215	0.0	0.0
40.30184	0.0	0.0
40.32153	0.0	0.0
40.341217	0.0	0.0
40.360905	0.0	0.0
40.380592	0.0	0.0
40.400284	0.0	0.0
40.41997	0.0	0.0
40.43966	0.0	0.0
40.459347	0.0	0.0
40.479034	0.0	0.0
40.498722	0.0	0.0
40.518414	0.0	0.0
40.5381	0.0	0.0
40.55779	0.0	0.0
40.577477	0.0	0.0
40.597164	0.0	0.0
40.616856	0.0	0.0
40.636543	0.0	0.0
40.65623	0.0	0.0
40.67592	0.0	0.0
40.695606	0.0	0.0
40.715298	0.0	0.0
40.734985	0.0	0.0
40.754673	0.0	0.0
40.77436	0.0	0.0
40.79405	0.0	0.0
40.813736	0.0	0.0
40.833427	0.0	0.0
40.853115	0.0	0.0
40.872803	0.0	0.0
40.89249	0.0	0.0
40.912178	0.0	0.0
40.93187	0.0	0.0
40.951557	0.0	0.0
40.971245	0.0	0.0
40.990932	0.0	0.0
41.01062	0.0	0.0
41.03031	0.0	0.0
41.05	0.0	0.0
41.069687	0.0	0.0
41.089375	0.0	0.0
41.109062	0.0	0.0
41.128754	0.0	0.0
41.14844	0.0	0.0
41.16813	0.0	0.0
41.187817	0.0	0.0
41.207504	0.0	0.0
41.227192	0.0	0.0
41.246883	0.0	0.0
41.26657	0.0	0.0
41.28626	0.0	0.0
41.305946	0.0	0.0
41.325634	0.0	0.0
41.345325	0.0	0.0
41.365013	0.0	0.0
41.3847	0.0	0.0
41.40439	0.0	0.0
41.424076	0.0	0.0
41.443768	0.0	0.0
41.463455	0.0	0.0
41.483143	0.0	0.0
41.50283	0.0	0.0
41.52252	0.0	0.0
41.542206	0.0	0.0
41.561897	0.0	0.0
41.581585	0.0	0.0
41.601273	0.0	0.0
41.62096	0.0	0.0
41.640648	0.0	0.0
41.66034	0.0	0.0
41.680027	0.0	0.0
41.699715	0.0	0.0
41.719402	0.0	0.0
41.73909	0.0	0.0
41.75878	0.0	0.0
41.77847	0.0	0.0
41.798157	0.0	0.0
41.817844	0.0	0.0
41.837532	0.0	0.0
41.857224	0.0	0.0
41.87691	0.0	0.0
41.8966	0.0	0.0
41.916286	0.0	0.0
41.935974	0.0	0.0
41.95566	0.0	0.0
41.975353	0.0	0.0
41.99504	0.0	0.0
42.01473	0.0	0.0
42.034416	0.0	0.0
42.054104	0.0	0.0
42.073795	0.0	0.0
42.093483	0.0	0.0
42.11317	0.0	0.0
42.13286	0.0	0.0
42.152546	0.0	0.0
42.172237	0.0	0.0
42.191925	0.0	0.0
42.211613	0.0	0.0
42.2313	0.0	0.0
42.250988	0.0	0.0
42.270676	0.0	0.0
42.290367	0.0	0.0
42.310055	0.0	0.0
42.329742	0.0	0.0
42.34943	0.0	0.0
42.369118	0.0	0.0
42.38881	0.0	0.0
42.408497	0.0	0.0
42.428185	0.0	0.0
42.447872	0.0	0.0
42.46756	0.0	0.0
42.48725	0.0	0.0
42.50694	0.0	0.0
42.526627	0.0	0.0
42.546314	0.0	0.0
42.566	0.0	0.0
42.58569	0.0	0.0
42.60538	0.0	0.0
42.62507	0.0	0.0
42.644756	0.0	0.0
42.664444	0.0	0.0
42.68413	0.0	0.0
42.703823	0.0	0.0
42.72351	0.0	0.0
42.7432	0.0	0.0
42.762886	0.0	0.0
42.782574	0.0	0.0
42.802265	0.0	0.0
42.821953	0.0	0.0
42.84164	0.0	0.0
42.86133	0.0	0.0
42.881016	0.0	0.0
42.900707	0.0	0.0
42.920395	0.0	0.0
42.940083	0.0	0.0
42.95977	0.0	0.0
42.979458	0.0	0.0
42.999146	0.0	0.0
43.018837	0.0	0.0
43.038525	0.0	0.0
43.058212	0.0	0.0
43.0779	0.0	0.0
43.097588	0.0	0.0
43.11728	0.0	0.0
43.136967	0.0	0.0
43.156654	0.0	0.0
43.176342	0.0	0.0
43.19603	0.0	0.0
43.21572	0.0	0.0
43.23541	0.0	0.0
43.255096	0.0	0.0
43.274784	0.0	0.0
43.29447	0.0	0.0
43.31416	0.0	0.0
43.33385	0.0	0.0
43.35354	0.0	0.0
43.373226	0.0	0.0
43.392914	0.0	0.0
43.4126	0.0	0.0
43.432293	0.0	0.0
43.45198	0.0	0.0
43.47167	0.0	0.0
43.491356	0.0	0.0
43.511044	0.0	0.0
43.530735	0.0	0.0
43.550423	0.0	0.0
43.57011	0.0	0.0
43.589798	0.0	0.0
43.609486	0.0	0.0
43.629173	0.0	0.0
43.648865	0.0	0.0
43.668552	0.0	0.0
43.68824	0.0	0.0
43.707928	0.0	0.0
43.727615	0.0	0.0
43.747307	0.0	0.0
43.766994	0.0	0.0
43.786682	0.0	0.0
43.80637	0.0	0.0
43.826057	0.0	0.0
43.84575	0.0	0.0
43.865437	0.0	0.0
43.885124	0.0	0.0
43.90481	0.0	0.0
43.9245	0.0	0.0
43.94419	0.0	0.0
43.96388	0.0	0.0
43.983566	0.0	0.0
44.003254	0.0	0.0
44.02294	0.0	0.0
44.04263	0.0	0.0
44.06232	0.0	0.0
44.08201	0.0	0.0
44.101696	0.0	0.0
44.121384	0.0	0.0
44.14107	0.0	0.0
44.160763	0.0	0.0
44.18045	0.0	0.0
44.200138	0.0	0.0
44.219826	0.0	0.0
44.239513	0.0	0.0
44.259205	0.0	0.0
44.278893	0.0	0.0
44.29858	0.0	0.0
44.318268	0.0	0.0
44.337955	0.0	0.0
44.357643	0.0	0.0
44.377335	0.0	0.0
44.397022	0.0	0.0
44.41671	0.0	0.0
44.436398	0.0	0.0
44.456085	0.0	0.0
44.475777	0.0	0.0
44.495464	0.0	0.0
44.515152	0.0	0.0
44.53484	0.0	0.0
44.554527	0.0	0.0
44.57422	0.0	0.0
44.593906	0.0	0.0
44.613594	0.0	0.0
44.63328	0.0	0.0
44.65297	0.0	0.0
44.672657	0.0	0.0
44.69235	0.0	0.0
44.712036	0.0	0.0
44.731724	0.0	0.0
44.75141	0.0	0.0
44.7711	0.0	0.0
44.79079	0.0	0.0
44.81048	0.0	0.0
44.830166	0.0	0.0
44.849854	0.0	0.0
44.86954	0.0	0.0
44.889233	0.0	0.0
44.90892	0.0	0.0
44.928608	0.0	0.0
44.948296	0.0	0.0
44.967983	0.0	0.0
44.987675	0.0	0.0
45.007362	0.0	0.0
45.02705	0.0	0.0
45.046738	0.0	0.0
45.066425	0.0	0.0
45.086113	0.0	0.0
45.105804	0.0	0.0
45.125492	0.0	0.0
45.14518	0.0	0.0
45.164867	0.0	0.0
45.184555	0.0	0.0
45.204247	0.0	0.0
45.223934	0.0	0.0
45.24362	0.0	0.0
45.26331	0.0	0.0
45.282997	0.0	0.0
45.30269	0.0	0.0
45.322376	0.0	0.0
45.342064	0.0	0.0
45.36175	0.0	0.0
45.38144	0.0	0.0
45.401127	0.0	0.0
45.42082	0.0	0.0
45.440506	0.0	0.0
45.460194	0.0	0.0
45.47988	0.0	0.0
45.49957	0.0	0.0
45.51926	0.0	0.0
45.538948	0.0	0.0
45.558636	0.0	0.0
45.578323	0.0	0.0
45.59801	0.0	0.0
45.617702	0.0	0.0
45.63739	0.0	0.0
45.657078	0.0	0.0
45.676765	0.0	0.0
45.696453	0.0	0.0
45.71614	0.0	0.0
45.735832	0.0	0.0
45.75552	0.0	0.0
45.775208	0.0	0.0
45.794895	0.0	0.0
45.814583	0.0	0.0
45.834274	0.0	0.0
45.853962	0.0	0.0
45.87365	0.0	0.0
45.893337	0.0	0.0
45.913025	0.0	0.0
45.932716	0.0	0.0
45.952404	0.0	0.0
45.97209	0.0	0.0
45.99178	0.0	0.0
46.011467	0.0	0.0
46.03116	0.0	0.0
46.050846	0.0	0.0
46.070534	0.0	0.0
46.09022	0.0	0.0
46.10991	0.0	0.0
46.129597	0.0	0.0
46.14929	0.0	0.0
46.168976	0.0	0.0
46.188663	0.0	0.0
46.20835	0.0	0.0
46.22804	0.0	0.0
46.24773	0.0	0.0
46.267418	0.0	0.0
46.287106	0.0	0.0
46.306793	0.0	0.0
46.32648	0.0	0.0
46.346172	0.0	0.0
46.36586	0.0	0.0
46.385548	0.0	0.0
46.405235	0.0	0.0
46.424923	0.0	0.0
46.44461	0.0	0.0
46.464302	0.0	0.0
46.48399	0.0	0.0
46.503677	0.0	0.0
46.523365	0.0	0.0
46.543053	0.0	0.0
46.562744	0.0	0.0
46.58243	0.0	0.0
46.60212	0.0	0.0
46.621807	0.0	0.0
46.641495	0.0	0.0
46.661186	0.0	0.0
46.680874	0.0	0.0
46.70056	0.0	0.0
46.72025	0.0	0.0
46.739937	0.0	0.0
46.759624	0.0	0.0
46.779316	0.0	0.0
46.799004	0.0	0.0
46.81869	0.0	0.0
46.83838	0.0	0.0
46.858067	0.0	0.0
46.877758	0.0	0.0
46.897446	0.0	0.0
46.917133	0.0	0.0
46.93682	0.0	0.0
46.95651	0.0	0.0
46.9762	0.0	0.0
46.995888	0.0	0.0
47.015575	0.0	0.0
47.035263	0.000462	0.000465
47.05495	0.000924	0.000928
47.074642	0.001386	0.001391
47.09433	0.001848	0.001852
47.114017	0.00231	0.002312
47.133705	0.002773	0.002771
47.153393	0.003235	0.003229
47.17308	0.003698	0.003685
47.192772	0.00416	0.004141
47.21246	0.004623	0.004595
47.232147	0.005086	0.005048
47.251835	0.005549	0.005499
47.271523	0.006013	0.00595
47.291214	0.006476	0.006399
47.3109	0.00694	0.006847
47.33059	0.007403	0.007294
47.350277	0.007868	0.007739
47.369965	0.008332	0.008183
47.389656	0.008796	0.008626
47.409344	0.009261	0.009068
47.42903	0.009726	0.009509
47.44872	0.010191	0.009948
47.468407	0.010657	0.010386
47.488094	0.011123	0.010823
47.507786	0.011589	0.011258
47.527473	0.012056	0.011692
47.54716	0.012523	0.012125
47.56685	0.01299	0.012557
47.586536	0.013458	0.012987
47.606228	0.013927	0.013416
47.625916	0.014396	0.013844
47.645603	0.014865	0.01427
47.66529	0.015335	0.014696
47.68498	0.015806	0.01512
47.70467	0.016277	0.015542
47.724358	0.016749	0.015964
47.744045	0.017222	0.016384
47.763733	0.017695	0.016803
47.78342	0.018169	0.017221
47.80311	0.018644	0.017638
47.8228	0.019119	0.018053
47.842487	0.019595	0.018468
47.862175	0.020072	0.018881
47.881863	0.02055	0.019293
47.90155	0.021029	0.019704
47.92124	0.021508	0.020114
47.94093	0.021989	0.020523
47.960617	0.02247	0.020931
47.980305	0.022953	0.021338
47.999992	0.023436	0.021744
48.019684	0.02392	0.022149
48.03937	0.024405	0.022553
48.05906	0.024891	0.022957
48.078747	0.025378	0.023359
48.098434	0.025866	0.023761
48.118126	0.026355	0.024162
48.137814	0.026845	0.024563
48.1575	0.027336	0.024963
48.17719	0.027828	0.025362
48.196877	0.028321	0.025761
48.216564	0.028815	0.026159
48.236256	0.02931	0.026556
48.255943	0.029806	0.026953
48.27563	0.030303	0.02735
48.29532	0.030802	0.027746
48.315006	0.031301	0.028142
48.334698	0.031801	0.028537
48.354385	0.032302	0.028932
48.374073	0.032804	0.029327
48.39376	0.033307	0.029722
48.41345	0.033811	0.030116
48.43314	0.034316	0.030511
48.452827	0.034822	0.030905
48.472515	0.035329	0.031299
48.492203	0.035837	0.031692
48.51189	0.036345	0.032086
48.531578	0.036855	0.03248
48.55127	0.037365	0.032874
48.570957	0.037877	0.033267
48.590645	0.038389	0.033661
48.610332	0.038902	0.034055
48.63002	0.039416	0.034449
48.64971	0.039931	0.034843
48.6694	0.040447	0.035237
48.689087	0.040963	0.035632
48.708775	0.04148	0.036026
48.728462	0.041998	0.036421
48.748154	0.042517	0.036816
48.76784	0.043037	0.037211
48.78753	0.043557	0.037607
48.807217	0.044079	0.038003
48.826904	0.044601	0.038399
48.846592	0.045124	0.038796
48.866283	0.045647	0.039193
48.88597	0.046172	0.03959
48.90566	0.046697	0.039988
48.925346	0.047223	0.040386
48.945034	0.047749	0.040785
48.964725	0.048277	0.041184
48.984413	0.048805	0.041584
49.0041	0.049334	0.041985
49.02379	0.049864	0.042386
49.043476	0.050395	0.042788
49.063168	0.050926	0.043191
49.082855	0.051459	0.043594
49.102543	0.051992	0.043998
49.12223	0.052526	0.044403
49.14192	0.05306	0.044809
49.16161	0.053596	0.045215
49.181297	0.054132	0.045623
49.200985	0.054669	0.046031
49.220673	0.055207	0.04644
49.24036	0.055746	0.046851
49.260048	0.056285	0.047262
49.27974	0.056826	0.047674
49.299427	0.057367	0.048088
49.319115	0.057909	0.048502
49.338802	0.058452	0.048918
49.35849	0.058996	0.049335
49.37818	0.059541	0.049753
49.39787	0.060087	0.050172
49.417557	0.060633	0.050593
49.437244	0.061181	0.051014
49.456932	0.061729	0.051438
49.476624	0.062278	0.051862
49.49631	0.062828	0.052288
49.516	0.063379	0.052715
49.535686	0.063931	0.053144
49.555374	0.064484	0.053575
49.57506	0.065038	0.054007
49.594753	0.065593	0.05444
49.61444	0.066149	0.054875
49.63413	0.066706	0.055312
49.653816	0.067263	0.05575
49.673504	0.067822	0.056191
49.693195	0.068381	0.056632
49.712883	0.068942	0.057076
49.73257	0.069503	0.057522
49.75226	0.070066	0.057969
49.771946	0.070629	0.058419
49.791637	0.071194	0.05887
49.811325	0.071759	0.059323
49.831013	0.072325	0.059778
49.8507	0.072893	0.060236
49.870388	0.073461	0.060695
49.890076	0.07403	0.061156
49.909767	0.0746	0.06162
49.929455	0.075172	0.062085
49.949142	0.075744	0.062553
49.96883	0.076317	0.063023
49.988518	0.076891	0.063495
50.00821	0.077466	0.063969
50.027897	0.078042	0.064446
50.047585	0.078619	0.064924
50.067272	0.079197	0.065405
50.08696	0.079776	0.065888
50.10665	0.080355	0.066373
50.12634	0.080936	0.066861
50.146027	0.081518	0.067351
50.165714	0.0821	0.067843
50.185402	0.082684	0.068337
50.205093	0.083268	0.068834
50.22478	0.083854	0.069333
50.24447	0.08444	0.069834
50.264156	0.085027	0.070337
50.283844	0.085615	0.070843
50.30353	0.086204	0.071351
50.323223	0.086794	0.071862
50.34291	0.087385	0.072375
50.3626	0.087976	0.07289
50.382286	0.088569	0.073408
50.401974	0.089162	0.073928
50.421665	0.089757	0.07445
50.441353	0.090352	0.074975
50.46104	0.090949	0.075502
50.48073	0.091546	0.076031
50.500416	0.092144	0.076563
50.520107	0.092744	0.077097
50.539795	0.093344	0.077633
50.559483	0.093945	0.078172
50.57917	0.094548	0.078713
50.598858	0.095151	0.079257
50.618546	0.095756	0.079803
50.638237	0.096361	0.080351
50.657925	0.096968	0.080902
50.677612	0.097576	0.081455
50.6973	0.098185	0.08201
50.716988	0.098795	0.082568
50.73668	0.099406	0.083128
50.756367	0.100019	0.08369
50.776054	0.100632	0.084255
50.795742	0.101247	0.084822
50.81543	0.101864	0.085392
50.83512	0.102481	0.085963
50.85481	0.1031	0.086538
50.874496	0.10372	0.087114
50.894184	0.104342	0.087693
50.91387	0.104965	0.088275
50.93356	0.10559	0.088859
50.95325	0.106216	0.089445
50.97294	0.106843	0.090034
50.992626	0.107472	0.090625
51.012314	0.108103	0.091218
51.032	0.108735	0.091814
51.051693	0.109369	0.092413
51.07138	0.110004	0.093014
51.09107	0.110641	0.093618
51.110756	0.11128	0.094224
51.130444	0.11192	0.094833
51.150135	0.112562	0.095444
51.169823	0.113206	0.096058
51.18951	0.113851	0.096674
51.209198	0.114499	0.097293
51.228886	0.115147	0.097915
51.248577	0.115798	0.098539
51.268265	0.116451	0.099166
51.287952	0.117105	0.099796
51.30764	0.117761	0.100428
51.327328	0.118419	0.101063
51.347015	0.119079	0.101701
51.366707	0.119741	0.102342
51.386395	0.120405	0.102985
51.406082	0.12107	0.103631
51.42577	0.121738	0.104279
51.445457	0.122407	0.104931
51.46515	0.123078	0.105585
51.484837	0.123752	0.106242
51.504524	0.124427	0.106902
51.52421	0.125104	0.107564
51.5439	0.125783	0.10823
51.56359	0.126464	0.108898
51.58328	0.127147	0.109569
51.602966	0.127832	0.110243
51.622654	0.128519	0.11092
51.64234	0.129207	0.1116
51.66203	0.129898	0.112282
51.68172	0.130591	0.112968
51.70141	0.131286	0.113656
51.721096	0.131982	0.114347
51.740784	0.132681	0.115041
51.76047	0.133381	0.115738
51.780163	0.134084	0.116438
51.79985	0.134789	0.117141
51.81954	0.135495	0.117846
51.839226	0.136204	0.118555
51.858913	0.136914	0.119267
51.878605	0.137627	0.119981
51.898293	0.138341	0.120698
51.91798	0.139058	0.121419
51.937668	0.139776	0.122142
51.957355	0.140497	0.122868
51.977043	0.141219	0.123597
51.996735	0.141944	0.124329
52.016422	0.14267	0.125064
52.03611	0.143399	0.125802
52.055798	0.144129	0.126543
52.075485	0.144862	0.127287
52.095177	0.145597	0.128034
52.114864	0.146333	0.128783
52.134552	0.147072	0.129536
52.15424	0.147813	0.130291
52.173927	0.148556	0.131049
52.19362	0.149301	0.131811
52.213306	0.150048	0.132575
52.232994	0.150797	0.133342
52.25268	0.151548	0.134112
52.27237	0.152301	0.134884
52.29206	0.153057	0.13566
52.31175	0.153814	0.136439
52.331436	0.154574	0.13722
52.351124	0.155336	0.138004
52.37081	0.1561	0.138792
52.3905	0.156866	0.139581
52.41019	0.157634	0.140374
52.42988	0.158404	0.14117
52.449566	0.159176	0.141969
52.469254	0.159951	0.142771
52.48894	0.160728	0.143575
52.508633	0.161507	0.144382
52.52832	0.162288	0.145193
52.548008	0.163071	0.146006
52.567696	0.163856	0.146822
52.587383	0.164643	0.147641
52.607075	0.165433	0.148463
52.626762	0.166224	0.149288
52.64645	0.167018	0.150116
52.666138	0.167814	0.150947
52.685825	0.168612	0.151781
52.705513	0.169413	0.152618
52.725204	0.170215	0.153458
52.744892	0.171019	0.154301
52.76458	0.171826	0.155147
52.784267	0.172635	0.155996
52.803955	0.173446	0.156847
52.823647	0.174259	0.157702
52.843334	0.175075	0.15856
52.86302	0.175892	0.159421
52.88271	0.176712	0.160285
52.902397	0.177534	0.161151
52.92209	0.178358	0.162021
52.941776	0.179184	0.162894
52.961464	0.180012	0.16377
52.98115	0.180843	0.164649
53.00084	0.181676	0.165531
53.020527	0.18251	0.166416
53.04022	0.183347	0.167304
53.059906	0.184187	0.168195
53.079594	0.185028	0.169089
53.09928	0.185871	0.169986
53.11897	0.186717	0.170886
53.13866	0.187565	0.171789
53.158348	0.188415	0.172696
53.178036	0.189267	0.173605
53.197723	0.190122	0.174517
53.21741	0.190978	0.175433
53.237103	0.191837	0.176351
53.25679	0.192698	0.177273
53.276478	0.193561	0.178197
53.296165	0.194426	0.179125
53.315853	0.195293	0.180056
53.335545	0.196163	0.18099
53.355232	0.197035	0.181926
53.37492	0.197909	0.182866
53.394608	0.198785	0.183809
53.414295	0.199663	0.184755
53.433983	0.200543	0.185704
53.453674	0.201426	0.186656
53.473362	0.20231	0.187611
53.49305	0.203197	0.188569
53.512737	0.204087	0.18953
53.532425	0.204978	0.190494
53.552116	0.205871	0.191462
53.571804	0.206767	0.192432
53.59149	0.207665	0.193405
53.61118	0.208565	0.194381
53.630867	0.209468	0.195361
53.65056	0.210372	0.196343
53.670246	0.211279	0.197328
53.689934	0.212189	0.198317
53.70962	0.2131	0.199308
53.72931	0.214014	0.200303
53.748997	0.21493	0.2013
53.76869	0.215848	0.2023
53.788376	0.216768	0.203303
53.808064	0.217691	0.20431
53.82775	0.218616	0.205319
53.84744	0.219544	0.206331
53.86713	0.220474	0.207346
53.886818	0.221406	0.208365
53.906506	0.22234	0.209386
53.926193	0.223277	0.21041
53.94588	0.224216	0.211437
53.965572	0.225157	0.212467
53.98526	0.226101	0.2135
54.004948	0.227047	0.214536
54.024635	0.227996	0.215575
54.044323	0.228947	0.216617
54.06401	0.2299	0.217661
54.083702	0.230855	0.218709
54.10339	0.231813	0.21976
54.123077	0.232773	0.220814
54.142765	0.233736	0.22187
54.162453	0.234701	0.22293
54.182144	0.235668	0.223993
54.20183	0.236638	0.225059
54.22152	0.23761	0.226127
54.241207	0.238584	0.227199
54.260895	0.239561	0.228274
54.280586	0.24054	0.229352
54.300274	0.241522	0.230433
54.31996	0.242505	0.231517
54.33965	0.243492	0.232604
54.359337	0.24448	0.233694
54.37903	0.245472	0.234787
54.398716	0.246465	0.235883
54.418404	0.247461	0.236983
54.43809	0.24846	0.238085
54.45778	0.249461	0.239191
54.477467	0.250464	0.2403
54.497158	0.25147	0.241412
54.516846	0.252478	0.242527
54.536533	0.253489	0.243646
54.55622	0.254503	0.244767
54.57591	0.255519	0.245892
54.5956	0.256538	0.24702
54.615288	0.257559	0.248151
54.634975	0.258583	0.249285
54.654663	0.259609	0.250422
54.67435	0.260638	0.251562
54.694042	0.261669	0.252706
54.71373	0.262704	0.253853
54.733418	0.26374	0.255003
54.753105	0.26478	0.256156
54.772793	0.265822	0.257312
54.79248	0.266867	0.258471
54.812172	0.267914	0.259633
54.83186	0.268964	0.260799
54.851547	0.270017	0.261968
54.871235	0.271072	0.26314
54.890923	0.272131	0.264315
54.910614	0.273192	0.265493
54.9303	0.274255	0.266674
54.94999	0.275322	0.267859
54.969677	0.276391	0.269046
54.989365	0.277463	0.270237
55.009056	0.278538	0.271431
55.028744	0.279616	0.272628
55.04843	0.280696	0.273828
55.06812	0.28178	0.275031
55.087807	0.282866	0.276238
55.107494	0.283955	0.277447
55.127186	0.285046	0.27866
55.146873	0.286141	0.279876
55.16656	0.287238	0.281095
55.18625	0.288339	0.282317
55.205936	0.289442	0.283542
55.225628	0.290548	0.28477
55.245316	0.291657	0.286002
55.265003	0.292768	0.287236
55.28469	0.293883	0.288474
55.30438	0.295	0.289714
55.32407	0.296121	0.290958
55.343758	0.297244	0.292205
55.363445	0.29837	0.293455
55.383133	0.299498	0.294708
55.40282	0.30063	0.295963
55.422512	0.301764	0.297223
55.4422	0.302902	0.298485
55.461887	0.304042	0.29975
55.481575	0.305184	0.301018
55.501263	0.30633	0.302289
55.52095	0.307478	0.303563
55.54064	0.30863	0.30484
55.56033	0.309783	0.30612
55.580017	0.31094	0.307402
55.599705	0.3121	0.308688
55.619392	0.313262	0.309977
55.639084	0.314427	0.311269
55.65877	0.315594	0.312563
55.67846	0.316765	0.313861
55.698147	0.317938	0.315161
55.717834	0.319113	0.316464
55.737526	0.320292	0.31777
55.757214	0.321473	0.319079
55.7769	0.322656	0.320391
55.79659	0.323842	0.321705
55.816277	0.325031	0.323023
55.835964	0.326223	0.324343
55.855656	0.327417	0.325666
55.875343	0.328613	0.326991
55.89503	0.329812	0.32832
55.91472	0.331014	0.329651
55.934406	0.332218	0.330985
55.954098	0.333425	0.332321
55.973785	0.334634	0.33366
55.993473	0.335846	0.335002
56.01316	0.33706	0.336347
56.03285	0.338276	0.337694
56.05254	0.339495	0.339044
56.072227	0.340717	0.340397
56.091915	0.341941	0.341752
56.111603	0.343167	0.343109
56.13129	0.344396	0.344469
56.150978	0.345627	0.345832
56.17067	0.34686	0.347198
56.190357	0.348096	0.348565
56.210045	0.349334	0.349936
56.229733	0.350575	0.351308
56.24942	0.351817	0.352684
56.26911	0.353062	0.354061
56.2888	0.354309	0.355441
56.308487	0.355559	0.356824
56.328175	0.356811	0.358209
56.347862	0.358065	0.359596
56.367554	0.359321	0.360985
56.38724	0.360579	0.362377
56.40693	0.36184	0.363771
56.426617	0.363102	0.365168
56.446304	0.364367	0.366566
56.465996	0.365634	0.367967
56.485683	0.366903	0.36937
56.50537	0.368175	0.370776
56.52506	0.369448	0.372183
56.544746	0.370723	0.373593
56.564434	0.372001	0.375005
56.584126	0.37328	0.376419
56.603813	0.374562	0.377835
56.6235	0.375846	0.379254
56.64319	0.377131	0.380674
56.662876	0.378419	0.382097
56.682568	0.379708	0.383521
56.702255	0.381	0.384948
56.721943	0.382294	0.386376
56.74163	0.383589	0.387807
56.76132	0.384887	0.38924
56.78101	0.386186	0.390674
56.800697	0.387487	0.392111
56.820385	0.38879	0.393549
56.840073	0.390095	0.394989
56.85976	0.391402	0.396431
56.879448	0.392711	0.397875
56.89914	0.394021	0.399321
56.918827	0.395333	0.400768
56.938515	0.396647	0.402218
56.958202	0.397963	0.403669
56.97789	0.39928	0.405122
56.99758	0.4006	0.406576
57.01727	0.40192	0.408032
57.036957	0.403243	0.40949
57.056644	0.404567	0.41095
57.076332	0.405893	0.412411
57.096024	0.407221	0.413873
57.11571	0.40855	0.415338
57.1354	0.409881	0.416804
57.155087	0.411213	0.418271
57.174774	0.412547	0.41974
57.19446	0.413882	0.42121
57.214153	0.415219	0.422682
57.23384	0.416557	0.424155
57.25353	0.417897	0.42563
57.273216	0.419238	0.427106
57.292904	0.420581	0.428583
57.312595	0.421925	0.430062
57.332283	0.42327	0.431542
57.35197	0.424617	0.433024
57.37166	0.425965	0.434506
57.391346	0.427314	0.43599
57.411037	0.428664	0.437476
57.430725	0.430016	0.438962
57.450413	0.431369	0.44045
57.4701	0.432723	0.441939
57.489788	0.434079	0.443429
57.50948	0.435435	0.44492
57.529167	0.436793	0.446413
57.548855	0.438152	0.447906
57.568542	0.439512	0.449401
57.58823	0.440873	0.450896
57.607918	0.442235	0.452393
57.62761	0.443599	0.453891
57.647297	0.444963	0.45539
57.666985	0.446328	0.45689
57.686672	0.447695	0.458391
57.70636	0.449062	0.459892
57.72605	0.450431	0.461395
57.74574	0.4518	0.462899
57.765427	0.453171	0.464403
57.785114	0.454542	0.465909
57.804802	0.455915	0.467415
57.824493	0.457288	0.468922
57.84418	0.458662	0.47043
57.86387	0.460038	0.471939
57.883556	0.461414	0.473449
57.903244	0.462791	0.474959
57.92293	0.464169	0.47647
57.942623	0.465548	0.477982
57.96231	0.466928	0.479495
57.982	0.468308	0.481008
58.001686	0.46969	0.482522
58.021374	0.471072	0.484037
58.041065	0.472455	0.485552
58.060753	0.473839	0.487068
58.08044	0.475224	0.488584
58.10013	0.476609	0.490101
58.119816	0.477996	0.491619
58.139507	0.479383	0.493137
58.159195	0.48077	0.494655
58.178883	0.482159	0.496174
58.19857	0.483548	0.497694
58.218258	0.484938	0.499214
58.237946	0.486328	0.500734
58.257637	0.48772	0.502254
58.277325	0.489111	0.503775
58.297012	0.490504	0.505296
58.3167	0.491897	0.506818
58.336388	0.493291	0.508339
58.35608	0.494685	0.509861
58.375767	0.49608	0.511383
58.395454	0.497475	0.512906
58.415142	0.498871	0.514428
58.43483	0.500267	0.515951
58.45452	0.501664	0.517473
58.47421	0.503061	0.518996
58.493896	0.504459	0.520519
58.513584	0.505857	0.522042
58.53327	0.507256	0.523564
58.552963	0.508655	0.525087
58.57265	0.510054	0.52661
58.59234	0.511453	0.528133
58.612026	0.512853	0.529655
58.631714	0.514253	0.531178
58.6514	0.515653	0.5327
58.671093	0.517054	0.534222
58.69078	0.518454	0.535743
58.71047	0.519855	0.537265
58.730156	0.521256	0.538786
58.749844	0.522657	0.540307
58.769535	0.524058	0.541828
58.789223	0.525459	0.543348
58.80891	0.52686	0.544869
58.828598	0.528261	0.546388
58.848286	0.529662	0.547908
58.867977	0.531062	0.549427
58.887665	0.532463	0.550945
58.907352	0.533863	0.552463
58.92704	0.535264	0.553981
58.946728	0.536664	0.555498
58.966415	0.538064	0.557014
58.986107	0.539463	0.55853
59.005795	0.540863	0.560046
59.025482	0.542262	0.561561
59.04517	0.54366	0.563075
59.064857	0.545058	0.564588
59.08455	0.546456	0.566101
59.104237	0.547854	0.567614
59.123924	0.549251	0.569125
59.143612	0.550647	0.570636
59.1633	0.552043	0.572146
59.18299	0.553438	0.573655
59.20268	0.554833	0.575164
59.222366	0.556227	0.576671
59.242054	0.55762	0.578178
59.26174	0.559013	0.579684
59.281433	0.560405	0.581189
59.30112	0.561796	0.582693
59.32081	0.563187	0.584196
59.340496	0.564576	0.585698
59.360184	0.565965	0.587199
59.37987	0.567353	0.588699
59.399563	0.56874	0.590198
59.41925	0.570126	0.591696
59.43894	0.571511	0.593193
59.458626	0.572896	0.594689
59.478313	0.574278	0.596183
59.498005	0.575661	0.597677
59.517693	0.577042	0.599169
59.53738	0.578421	0.600659
59.557068	0.5798	0.602149
59.576756	0.581178	0.603637
59.596447	0.582554	0.605124
59.616135	0.58393	0.606609
59.635822	0.585304	0.608093
59.65551	0.586676	0.609576
59.675198	0.588048	0.611057
59.694885	0.589418	0.612537
59.714577	0.590787	0.614015
59.734264	0.592154	0.615491
59.753952	0.59352	0.616966
59.77364	0.594885	0.618439
59.793327	0.596248	0.619911
59.81302	0.59761	0.621381
59.832706	0.59897	0.622849
59.852394	0.600329	0.624316
59.87208	0.601686	0.625781
59.89177	0.603042	0.627244
59.91146	0.604397	0.628705
59.93115	0.605749	0.630165
59.950836	0.6071	0.631623
59.970524	0.60845	0.633079
59.99021	0.609798	0.634533
60.0099	0.611144	0.635985
60.02959	0.612489	0.637435
60.04928	0.613832	0.638883
60.068966	0.615173	0.64033
60.088654	0.616513	0.641774
60.10834	0.617851	0.643216
60.128033	0.619187	0.644657
60.14772	0.620521	0.646095
60.167408	0.621854	0.647531
60.187096	0.623184	0.648965
60.206783	0.624513	0.650398
60.226475	0.625841	0.651827
60.246162	0.627166	0.653255
60.26585	0.62849	0.654681
60.285538	0.629811	0.656104
60.305225	0.631131	0.657525
60.324917	0.632449	0.658945
60.344604	0.633765	0.660361
60.364292	0.635079	0.661776
60.38398	0.63639	0.663188
60.403667	0.637701	0.664598
60.423355	0.639009	0.666006
60.443047	0.640315	0.667411
60.462734	0.641619	0.668814
60.48242	0.642921	0.670214
60.50211	0.644221	0.671613
60.521797	0.645518	0.673008
60.54149	0.646814	0.674402
60.561176	0.648108	0.675793
60.580864	0.649399	0.677181
60.60055	0.650689	0.678567
60.62024	0.651976	0.679951
60.63993	0.653261	0.681331
60.65962	0.654544	0.68271
60.679306	0.655825	0.684086
60.698994	0.657104	0.685459
60.71868	0.65838	0.68683
60.73837	0.659654	0.688198
60.75806	0.660926	0.689563
60.77775	0.662195	0.690926
60.797436	0.663463	0.692287
60.817123	0.664728	0.693644
60.83681	0.66599	0.694999
60.856503	0.667251	0.696351
60.87619	0.668509	0.697701
60.895878	0.669764	0.699048
60.915565	0.671017	0.700392
60.935253	0.672268	0.701733
60.954945	0.673517	0.703072
60.974632	0.674762	0.704408
60.99432	0.676006	0.705741
61.014008	0.677247	0.707071
61.033695	0.678485	0.708398
61.053383	0.679721	0.709723
61.073074	0.680955	0.711045
61.092762	0.682186	0.712363
61.11245	0.683414	0.713679
61.132137	0.68464	0.714992
61.151825	0.685863	0.716303
61.171516	0.687084	0.71761
61.191204	0.688302	0.718914
61.21089	0.689517	0.720216
61.23058	0.69073	0.721514
61.250267	0.69194	0.72281
61.26996	0.693148	0.724102
61.289646	0.694353	0.725392
61.309334	0.695555	0.726678
61.32902	0.696755	0.727962
61.34871	0.697952	0.729243
61.3684	0.699146	0.73052
61.38809	0.700338	0.731795
61.407776	0.701527	0.733066
61.427464	0.702713	0.734334
61.44715	0.703897	0.7356
61.46684	0.705078	0.736862
61.48653	0.706256	0.738121
61.506218	0.707432	0.739377
61.525906	0.708605	0.74063
61.545593	0.709775	0.74188
61.56528	0.710943	0.743127
61.584972	0.712108	0.74437
61.60466	0.713271	0.745611
61.624348	0.71443	0.746848
61.644035	0.715587	0.748082
61.663723	0.716741	0.749313
61.683414	0.717893	0.750541
61.703102	0.719042	0.751765
61.72279	0.720188	0.752987
61.742477	0.721332	0.754205
61.762165	0.722472	0.75542
61.781853	0.72361	0.756631
61.801544	0.724746	0.75784
61.82123	0.725878	0.759045
61.84092	0.727008	0.760246
61.860607	0.728135	0.761445
61.880295	0.72926	0.76264
61.899986	0.730381	0.763832
61.919674	0.7315	0.765021
61.93936	0.732616	0.766207
61.95905	0.733729	0.767389
61.978737	0.73484	0.768567
61.99843	0.735947	0.769743
62.018116	0.737052	0.770915
62.037804	0.738154	0.772084
62.05749	0.739254	0.77325
62.07718	0.74035	0.774412
62.096867	0.741443	0.77557
62.116558	0.742534	0.776726
62.136246	0.743622	0.777878
62.155933	0.744707	0.779027
62.17562	0.745789	0.780172
62.19531	0.746868	0.781314
62.215	0.747945	0.782453
62.234688	0.749018	0.783588
62.254375	0.750089	0.784721
62.274063	0.751157	0.785849
62.29375	0.752221	0.786975
62.313442	0.753283	0.788097
62.33313	0.754342	0.789215
62.352818	0.755398	0.790331
62.372505	0.756451	0.791442
62.392193	0.757501	0.792551
62.411884	0.758549	0.793656
62.431572	0.759593	0.794758
62.45126	0.760634	0.795857
62.470947	0.761672	0.796952
62.490635	0.762708	0.798043
62.510323	0.76374	0.799132
62.530014	0.76477	0.800217
62.5497	0.765796	0.801298
62.56939	0.766819	0.802376
62.589077	0.76784	0.803451
62.608765	0.768857	0.804522
62.628456	0.769872	0.80559
62.648144	0.770883	0.806654
62.66783	0.771891	0.807716
62.68752	0.772896	0.808773
62.707207	0.773899	0.809828
62.7269	0.774898	0.810878
62.746586	0.775894	0.811926
62.766273	0.776888	0.81297
62.78596	0.777878	0.81401
62.80565	0.778865	0.815047
62.825336	0.77985	0.816081
62.845028	0.780831	0.817111
62.864716	0.781809	0.818138
62.884403	0.782784	0.819162
62.90409	0.783756	0.820182
62.92378	0.784725	0.821198
62.94347	0.785692	0.822211
62.963158	0.786655	0.823221
62.982845	0.787615	0.824227
63.002533	0.788572	0.825229
63.02222	0.789526	0.826228
63.041912	0.790477	0.827224
63.0616	0.791425	0.828216
63.081287	0.79237	0.829205
63.100975	0.793312	0.83019
63.120663	0.794251	0.831171
63.14035	0.795187	0.83215
63.16004	0.79612	0.833125
63.17973	0.79705	0.834096
63.199417	0.797977	0.835064
63.219105	0.798901	0.836028
63.238792	0.799822	0.836989
63.258484	0.800739	0.837946
63.27817	0.801654	0.8389
63.29786	0.802566	0.839851
63.317547	0.803475	0.840798
63.337234	0.804381	0.841742
63.356926	0.805283	0.842683
63.376614	0.806183	0.84362
63.3963	0.80708	0.844553
63.41599	0.807974	0.845484
63.435677	0.808864	0.84641
63.455368	0.809752	0.847334
63.475056	0.810637	0.848254
63.494743	0.811519	0.849171
63.51443	0.812397	0.850085
63.53412	0.813273	0.850995
63.553806	0.814146	0.851902
63.573498	0.815016	0.852805
63.593185	0.815884	0.853705
63.612873	0.816748	0.854602
63.63256	0.817609	0.855496
63.65225	0.818468	0.856386
63.67194	0.819323	0.857273
63.691628	0.820176	0.858156
63.711315	0.821026	0.859036
63.731003	0.821873	0.859913
63.75069	0.822717	0.860787
63.770382	0.823558	0.861657
63.79007	0.824397	0.862524
63.809757	0.825233	0.863388
63.829445	0.826066	0.864248
63.849133	0.826896	0.865106
63.86882	0.827723	0.86596
63.88851	0.828548	0.86681
63.9082	0.82937	0.867658
63.927887	0.830189	0.868502
63.947575	0.831006	0.869343
63.967262	0.831819	0.870181
63.986954	0.83263	0.871015
64.00664	0.833439	0.871846
64.02633	0.834245	0.872674
64.04602	0.835048	0.873499
64.065704	0.835848	0.874321
64.085396	0.836646	0.875139
64.10508	0.837441	0.875954
64.12477	0.838233	0.876766
64.14446	0.839023	0.877574
64.16415	0.83981	0.87838
64.18384	0.840595	0.879182
64.20352	0.841377	0.879981
64.22321	0.842156	0.880777
64.242905	0.842933	0.881569
64.26259	0.843707	0.882359
64.28228	0.844478	0.883145
64.30196	0.845247	0.883928
64.321655	0.846014	0.884708
64.34134	0.846777	0.885485
64.36103	0.847538	0.886258
64.38072	0.848297	0.887028
64.400406	0.849053	0.887795
64.4201	0.849806	0.888559
64.43978	0.850557	0.88932
64.45947	0.851305	0.890077
64.479164	0.85205	0.890832
64.49885	0.852794	0.891583
64.51854	0.853534	0.892331
64.53822	0.854272	0.893077
64.557915	0.855008	0.893819
64.57761	0.85574	0.894557
64.59729	0.856471	0.895293
64.61698	0.857199	0.896026
64.636665	0.857924	0.896756
64.65636	0.858647	0.897482
64.67605	0.859368	0.898205
64.69573	0.860086	0.898926
64.71542	0.860802	0.899643
64.73511	0.861515	0.900358
64.7548	0.862226	0.901069
64.77449	0.862934	0.901777
64.794174	0.863641	0.902482
64.813866	0.864344	0.903184
64.83355	0.865046	0.903884
64.85324	0.865745	0.90458
64.87293	0.866442	0.905273
64.89262	0.867137	0.905963
64.91231	0.867829	0.90665
64.93199	0.868519	0.907335
64.95168	0.869207	0.908016
64.971375	0.869892	0.908694
64.99106	0.870575	0.909369
65.01075	0.871257	0.910041
65.03043	0.871936	0.910711
65.050125	0.872612	0.911377
65.06981	0.873287	0.91204
65.0895	0.873959	0.912701
65.10919	0.874629	0.913358
65.128876	0.875297	0.914013
65.14857	0.875963	0.914665
65.16825	0.876627	0.915314
65.18794	0.877289	0.91596
65.207634	0.877948	0.916602
65.22732	0.878605	0.917243
65.24701	0.879261	0.91788
65.26669	0.879914	0.918515
65.286385	0.880565	0.919146
65.306076	0.881215	0.919775
65.32576	0.881862	0.920401
65.34545	0.882507	0.921024
65.365135	0.88315	0.921645
65.38483	0.883791	0.922262
65.40452	0.884431	0.922877
65.4242	0.885068	0.923489
65.44389	0.885703	0.924099
65.46358	0.886337	0.924705
65.48327	0.886968	0.925309
65.50296	0.887598	0.92591
65.522644	0.888226	0.926508
65.542336	0.888851	0.927104
65.56202	0.889475	0.927697
65.58171	0.890097	0.928287
65.6014	0.890717	0.928875
65.621086	0.891335	0.929459
65.64078	0.891952	0.930041
65.66046	0.892566	0.93062
65.68015	0.893179	0.931197
65.699844	0.89379	0.931771
65.71953	0.8944	0.932342
65.73922	0.895007	0.93291
65.7589	0.895613	0.933476
65.778595	0.896217	0.934039
65.79828	0.896819	0.934599
65.81797	0.89742	0.935157
65.83766	0.898018	0.935712
65.857346	0.898615	0.936264
65.87704	0.899211	0.936813
65.89672	0.899805	0.93736
65.91641	0.900397	0.937904
65.936104	0.900987	0.938445
65.95579	0.901576	0.938984
65.97548	0.902164	0.939519
65.99516	0.902749	0.940053
66.014854	0.903333	0.940583
66.034546	0.903916	0.941111
66.05423	0.904497	0.941636
66.07392	0.905077	0.942158
66.093605	0.905655	0.942677
66.1133	0.906231	0.943194
66.13299	0.906807	0.943709
66.15267	0.90738	0.94422
66.17236	0.907953	0.944729
66.19205	0.908524	0.945235
66.21174	0.909093	0.945739
66.23143	0.909662	0.946239
66.251114	0.910229	0.946738
66.270805	0.910794	0.947233
66.29049	0.911359	0.947726
66.31018	0.911922	0.948216
66.32987	0.912484	0.948704
66.349556	0.913044	0.949188
66.36925	0.913603	0.949671
66.38893	0.914161	0.95015
66.40862	0.914718	0.950627
66.42831	0.915274	0.951102
66.448	0.915828	0.951574
66.46769	0.916381	0.952043
66.48737	0.916933	0.952509
66.507065	0.917484	0.952973
66.52675	0.918033	0.953434
66.54644	0.918581	0.953893
66.56613	0.919128	0.954349
66.585815	0.919674	0.954803
66.60551	0.920218	0.955254
66.62519	0.920761	0.955702
66.64488	0.921303	0.956148
66.66457	0.921844	0.956591
66.68426	0.922383	0.957032
66.70395	0.922921	0.95747
66.72363	0.923457	0.957906
66.743324	0.923992	0.95834
66.763016	0.924526	0.958771
66.7827	0.925059	0.959199
66.80239	0.92559	0.959625
66.822075	0.92612	0.960048
66.84177	0.926648	0.960469
66.86146	0.927176	0.960888
66.88114	0.927701	0.961304
66.90083	0.928225	0.961718
66.92052	0.928748	0.962129
66.94021	0.92927	0.962538
66.9599	0.92979	0.962944
66.97958	0.930309	0.963348
66.999275	0.930826	0.963749
67.01896	0.931342	0.964148
67.03865	0.931856	0.964545
67.05834	0.932369	0.964939
67.078026	0.93288	0.96533
67.09772	0.93339	0.965719
67.1174	0.933898	0.966106
67.13709	0.934405	0.96649
67.15678	0.93491	0.966872
67.17647	0.935414	0.967252
67.19616	0.935916	0.967629
67.21584	0.936416	0.968003
67.235535	0.936915	0.968375
67.25522	0.937413	0.968745
67.27491	0.937908	0.969112
67.2946	0.938402	0.969477
67.314285	0.938895	0.969839
67.33398	0.939385	0.970199
67.35366	0.939874	0.970556
67.37335	0.940361	0.970911
67.39304	0.940847	0.971264
67.41273	0.941331	0.971614
67.43242	0.941813	0.971962
67.4521	0.942293	0.972307
67.471794	0.942771	0.97265
67.491486	0.943248	0.972991
67.51117	0.943723	0.973329
67.53086	0.944196	0.973664
67.550545	0.944667	0.973998
67.57024	0.945137	0.974328
67.58993	0.945604	0.974657
67.60961	0.94607	0.974983
67.6293	0.946534	0.975306
67.64899	0.946996	0.975628
67.66868	0.947456	0.975947
67.68837	0.947914	0.976263
67.70805	0.94837	0.976577
67.727745	0.948824	0.976889
67.74743	0.949276	0.977198
67.76712	0.949726	0.977505
67.78681	0.950173	0.97781
67.806496	0.95062	0.978112
67.82619	0.951063	0.978412
67.84587	0.951505	0.978709
67.86556	0.951945	0.979004
67.88525	0.952383	0.979297
67.90494	0.952818	0.979588
67.92463	0.953252	0.979876
67.94431	0.953683	0.980162
67.964005	0.954113	0.980446
67.98369	0.95454	0.980727
68.00338	0.954965	0.981006
68.02307	0.955388	0.981283
68.042755	0.955809	0.981558
68.06245	0.956227	0.98183
68.08213	0.956644	0.9821
68.10182	0.957058	0.982368
68.12151	0.95747	0.982634
68.1412	0.95788	0.982897
68.16089	0.958287	0.983158
68.18057	0.958693	0.983417
68.200264	0.959096	0.983674
68.219955	0.959497	0.983929
68.23964	0.959895	0.984181
68.25933	0.960291	0.984431
68.279015	0.960685	0.98468
68.298706	0.961077	0.984925
68.3184	0.961466	0.985169
68.33808	0.961853	0.98541
68.35777	0.962238	0.98565
68.37746	0.96262	0.985887
68.39715	0.963	0.986122
68.41684	0.963378	0.986355
68.43652	0.963753	0.986586
68.456215	0.964125	0.986814
68.4759	0.964495	0.98704
68.49559	0.964863	0.987265
68.51528	0.965229	0.987487
68.534966	0.965591	0.987707
68.55466	0.965952	0.987925
68.57434	0.96631	0.988141
68.59403	0.966665	0.988355
68.613716	0.967018	0.988567
68.63341	0.967368	0.988776
68.6531	0.967716	0.988984
68.67278	0.968061	0.98919
68.692474	0.968404	0.989393
68.71216	0.968744	0.989595
68.73185	0.969082	0.989795
68.75154	0.969417	0.989992
68.771225	0.96975	0.990188
68.79092	0.97008	0.990381
68.8106	0.970407	0.990573
68.83029	0.970732	0.990762
68.84998	0.971054	0.99095
68.86967	0.971374	0.991135
68.88936	0.971692	0.991318
68.90904	0.972006	0.9915
68.928734	0.972318	0.991679
68.948425	0.972628	0.991856
68.96811	0.972935	0.992031
68.9878	0.97324	0.992204
69.007484	0.973542	0.992375
69.027176	0.973842	0.992544
69.04687	0.974139	0.992711
69.06655	0.974433	0.992876
69.08624	0.974726	0.993039
69.10593	0.975015	0.9932
69.12562	0.975302	0.993359
69.14531	0.975587	0.993516
69.16499	0.975869	0.99367
69.184685	0.976149	0.993823
69.20437	0.976427	0.993973
69.22406	0.976702	0.994122
69.243744	0.976975	0.994268
69.263435	0.977246	0.994413
69.28313	0.977514	0.994556
69.30281	0.97778	0.994696
69.3225	0.978044	0.994835
69.342186	0.978306	0.994971
69.36188	0.978566	0.995106
69.38157	0.978823	0.995239
69.40125	0.979078	0.99537
69.420944	0.979331	0.995498
69.44063	0.979583	0.995625
69.46032	0.979832	0.99575
69.48001	0.980079	0.995873
69.499695	0.980324	0.995995
69.51939	0.980567	0.996114
69.53907	0.980808	0.996231
69.55876	0.981047	0.996347
69.57845	0.981284	0.99646
69.59814	0.981519	0.996572
69.61783	0.981753	0.996682
69.63751	0.981984	0.996791
69.6572	0.982214	0.996897
69.676895	0.982442	0.997001
69.69658	0.982668	0.997104
69.71627	0.982892	0.997205
69.735954	0.983114	0.997304
69.755646	0.983335	0.997401
69.77534	0.983554	0.997496
69.79502	0.983771	0.997589
69.81471	0.983986	0.997681
69.8344	0.9842	0.997771
69.85409	0.984411	0.997859
69.87378	0.984621	0.997945
69.89346	0.98483	0.99803
69.913155	0.985036	0.998112
69.93284	0.985241	0.998193
69.95253	0.985444	0.998272
69.97221	0.985645	0.998349
69.991905	0.985845	0.998425
70.0116	0.986042	0.998498
70.03128	0.986239	0.99857
70.05097	0.986433	0.99864
70.070656	0.986626	0.998708
70.09035	0.986816	0.998774
70.11004	0.987006	0.998838
70.12972	0.987193	0.998901
70.149414	0.987379	0.998962
70.1691	0.987563	0.999021
70.18879	0.987745	0.999078
70.20848	0.987926	0.999133
70.228165	0.988105	0.999186
70.247856	0.988282	0.999238
70.26754	0.988457	0.999288
70.28723	0.988631	0.999336
70.30692	0.988803	0.999383
70.32661	0.988974	0.999427
70.3463	0.989143	0.99947
70.36598	0.98931	0.999512
70.38567	0.989476	0.999551
70.405365	0.989641	0.999589
70.42505	0.989803	0.999625
70.44474	0.989964	0.999659
70.464424	0.990124	0.999692
70.484116	0.990282	0.999723
70.50381	0.990439	0.999752
70.52349	0.990594	0.99978
70.54318	0.990748	0.999806
70.56287	0.9909	0.99983
70.58256	0.991051	0.999853
70.60225	0.9912	0.999874
70.62193	0.991348	0.999893
70.641624	0.991495	0.999911
70.66131	0.99164	0.999927
70.681	0.991784	0.999942
70.70068	0.991927	0.999955
70.720375	0.992068	0.999966
70.74007	0.992208	0.999976
70.75975	0.992347	0.999984
70.77944	0.992484	0.99999
70.799126	0.99262	0.999995
70.81882	0.992755	0.999998
70.83851	0.992888	1.0
70.85819	0.99302	1.0
70.877884	0.993151	1.0
70.89757	0.99328	1.0
70.91726	0.993409	1.0
70.93695	0.993535	1.0
70.956635	0.993661	1.0
70.976326	0.993785	1.0
70.99601	0.993908	1.0
71.0157	0.99403	1.0
71.03539	0.994151	1.0
71.05508	0.99427	1.0
71.07477	0.994388	1.0
71.09445	0.994505	1.0
71.11414	0.994621	1.0
71.133835	0.994735	1.0
71.15352	0.994848	1.0
71.17321	0.99496	1.0
71.192894	0.99507	1.0
71.212585	0.99518	1.0
71.23228	0.995288	1.0
71.25196	0.995395	1.0
71.27165	0.9955	1.0
71.291336	0.995605	1.0
71.31103	0.995708	1.0
71.33071	0.99581	1.0
71.3504	0.995911	1.0
71.370094	0.99601	1.0
71.38978	0.996109	1.0
71.40947	0.996206	1.0
71.42915	0.996302	1.0
71.448845	0.996396	1.0
71.46854	0.99649	1.0
71.48822	0.996582	1.0
71.50791	0.996673	1.0
71.527596	0.996763	1.0
71.54729	0.996852	1.0
71.56698	0.996939	1.0
71.58666	0.997025	1.0
71.60635	0.99711	1.0
71.62604	0.997194	1.0
71.64573	0.997276	1.0
71.66542	0.997358	1.0
71.685104	0.997438	1.0
71.704796	0.997517	1.0
71.72448	0.997594	1.0
71.74417	0.997671	1.0
71.76386	0.997746	1.0
71.78355	0.99782	1.0
71.80324	0.997893	1.0
71.82292	0.997965	1.0
71.84261	0.998035	1.0
71.862305	0.998105	1.0
71.88199	0.998173	1.0
71.90168	0.99824	1.0
71.921364	0.998305	1.0
71.941055	0.99837	1.0
71.96075	0.998433	1.0
71.98043	0.998495	1.0
72.00012	0.998556	1.0
72.019806	0.998615	1.0
72.0395	0.998673	1.0
72.05918	0.99873	1.0
72.07887	0.998786	1.0
72.098564	0.998841	1.0
72.11825	0.998894	1.0
72.13794	0.998946	1.0
72.15762	0.998997	1.0
72.177315	0.999046	1.0
72.19701	0.999094	1.0
72.21669	0.999141	1.0
72.23638	0.999187	1.0
72.256065	0.999231	1.0
72.27576	0.999274	1.0
72.29545	0.999316	1.0
72.31513	0.999357	1.0
72.33482	0.999396	1.0
72.35451	0.999434	1.0
72.3742	0.999471	1.0
72.39389	0.999506	1.0
72.413574	0.99954	1.0
72.433266	0.999573	1.0
72.45295	0.999605	1.0
72.47264	0.999635	1.0
72.49233	0.999664	1.0
72.51202	0.999692	1.0
72.53171	0.999719	1.0
72.55139	0.999744	1.0
72.57108	0.999768	1.0
72.590775	0.999791	1.0
72.61046	0.999813	1.0
72.63015	0.999834	1.0
72.64983	0.999853	1.0
72.669525	0.999871	1.0
72.68922	0.999888	1.0
72.7089	0.999903	1.0
72.72859	0.999918	1.0
72.748276	0.999931	1.0
72.76797	0.999943	1.0
72.78765	0.999954	1.0
72.80734	0.999964	1.0
72.827034	0.999972	1.0
72.84672	0.99998	1.0
72.86641	0.999986	1.0
72.88609	0.999991	1.0
72.905785	0.999995	1.0
72.925476	0.999998	1.0
72.94516	0.999999	1.0
72.96485	1.0	1.0
72.984535	1.0	1.0
73.00423	1.0	1.0
73.02392	1.0	1.0
73.0436	1.0	1.0
73.06329	1.0	1.0
73.08298	1.0	1.0
73.10267	1.0	1.0
73.12236	1.0	1.0
73.142044	1.0	1.0
73.161736	1.0	1.0
73.18142	1.0	1.0
73.20111	1.0	1.0
73.2208	1.0	1.0
73.240486	1.0	1.0
73.26018	1.0	1.0
73.27986	1.0	1.0
73.29955	1.0	1.0
73.319244	1.0	1.0
73.33893	1.0	1.0
73.35862	1.0	1.0
73.3783	1.0	1.0
73.397995	1.0	1.0
73.41768	1.0	1.0
73.43737	1.0	1.0
73.45706	1.0	1.0
73.476746	1.0	1.0
73.49644	1.0	1.0
73.51612	1.0	1.0
73.53581	1.0	1.0
73.555504	1.0	1.0
73.57519	1.0	1.0
73.59488	1.0	1.0
73.61456	1.0	1.0
73.634254	1.0	1.0
73.653946	1.0	1.0
73.67363	1.0	1.0
73.69332	1.0	1.0
73.713005	1.0	1.0
73.7327	1.0	1.0
73.75239	1.0	1.0
73.77207	1.0	1.0
73.79176	1.0	1.0
73.81145	1.0	1.0
73.83114	1.0	1.0
73.85083	1.0	1.0
73.870514	1.0	1.0
73.890205	1.0	1.0
73.90989	1.0	1.0
73.92958	1.0	1.0
73.94927	1.0	1.0
73.968956	1.0	1.0
73.98865	1.0	1.0
74.00833	1.0	1.0
74.02802	1.0	1.0
74.047714	1.0	1.0
74.0674	1.0	1.0
74.08709	1.0	1.0
74.10677	1.0	1.0
74.126465	1.0	1.0
74.14615	1.0	1.0
74.16584	1.0	1.0
74.18553	1.0	1.0
74.205215	1.0	1.0
74.22491	1.0	1.0
74.24459	1.0	1.0
74.26428	1.0	1.0
74.28397	1.0	1.0
74.30366	1.0	1.0
74.32335	1.0	1.0
74.34303	1.0	1.0
74.362724	1.0	1.0
74.382416	1.0	1.0
74.4021	1.0	1.0
74.42179	1.0	1.0
74.441475	1.0	1.0
74.46117	1.0	1.0
74.48086	1.0	1.0
74.50054	1.0	1.0
74.52023	1.0	1.0
74.53992	1.0	1.0
74.55961	1.0	1.0
74.5793	1.0	1.0
74.59898	1.0	1.0
74.618675	1.0	1.0
74.63836	1.0	1.0
74.65805	1.0	1.0
74.67774	1.0	1.0
74.697426	1.0	1.0
74.71712	1.0	1.0
74.7368	1.0	1.0
74.75649	1.0	1.0
74.776184	1.0	1.0
74.79587	1.0	1.0
74.81556	1.0	1.0
74.83524	1.0	1.0
74.854935	1.0	1.0
74.87462	1.0	1.0
74.89431	1.0	1.0
74.914	1.0	1.0
74.933685	1.0	1.0
74.95338	1.0	1.0
74.97306	1.0	1.0
74.99275	1.0	1.0
75.01244	1.0	1.0
